Eigenvalues in decreasing order:
0.7823337933755696
0.6649747185322363
0.5910595465442304
0.4431723529397642
0.3456865176312176
0.3094481540595519
0.2150106455579657
0.17265718777307892
0.10440433609326606
0.07414480313721576
0.007254572701508813
0.0034707037644702153
7.834231729962217E-17
7.834231729962217E-17
7.834231729962217E-17
7.834231729962217E-17
7.834231729962217E-17
7.834231729962217E-17
7.834231729962217E-17
7.834231729962217E-17
7.834231729962217E-17
7.834231729962217E-17
7.834231729962217E-17
7.834231729962217E-17
7.834231729962217E-17
7.834231729962217E-17
7.834231729962217E-17
7.834231729962217E-17
7.834231729962217E-17
7.834231729962217E-17
7.834231729962217E-17
7.834231729962217E-17
7.834231729962217E-17
7.834231729962217E-17
7.834231729962217E-17


Normalized Eigenvalues in decreasing order:
0.21066623817458538
0.17906387736358337
0.15916005707793016
0.11933710808268816
0.09308619782717317
0.08332795934139062
0.057897900168350606
0.046492993847315756
0.028113918790319613
0.01996565518372533
0.0019535057203610064
9.34588422576691E-4
2.1095958547540516E-17
2.1095958547540516E-17
2.1095958547540516E-17
2.1095958547540516E-17
2.1095958547540516E-17
2.1095958547540516E-17
2.1095958547540516E-17
2.1095958547540516E-17
2.1095958547540516E-17
2.1095958547540516E-17
2.1095958547540516E-17
2.1095958547540516E-17
2.1095958547540516E-17
2.1095958547540516E-17
2.1095958547540516E-17
2.1095958547540516E-17
2.1095958547540516E-17
2.1095958547540516E-17
2.1095958547540516E-17
2.1095958547540516E-17
2.1095958547540516E-17
2.1095958547540516E-17
2.1095958547540516E-17
