Eigenvalues in decreasing order:
191.9832542548758
51.39206952411838
10.992323696544084
8.260623311245494
6.500244723297301
3.895627937903903
2.931487104547184
1.01409327935507
0.6066374018035837
0.48835743640827267
0.17089912370207144
0.14918873665708193
0.08404910047336378
0.033842184687753636
0.023072934860559252
0.01773782387204506
0.008918413491213476
0.0028865624173148112
0.0015662953287595208
6.032332564121352E-4
5.719440908195097E-4
7.76106357429231E-5
5.5596978530439234E-5
7.709427742075136E-6
2.1314422921490794E-14
2.1314422921490794E-14
2.1314422921490794E-14
2.1314422921490794E-14
2.1314422921490794E-14
2.1314422921490794E-14
2.1314422921490794E-14
2.1314422921490794E-14
2.1314422921490794E-14
2.1314422921490794E-14
2.1314422921490794E-14
2.1314422921490794E-14
2.1314422921490794E-14
2.1314422921490794E-14
2.1314422921490794E-14
2.1314422921490794E-14


Normalized Eigenvalues in decreasing order:
0.689203394669611
0.1844931158844522
0.039461498016423915
0.029654928239933855
0.023335320295863504
0.013984969728707258
0.010523786940301833
0.003640507779471616
0.002177776172610973
0.001753161255084737
6.135131767542588E-4
5.355747518167729E-4
3.0172905230716683E-4
1.2149053655935397E-4
8.282985457563357E-5
6.367726432241496E-5
3.201633849299896E-5
1.03625111714063E-5
5.6228657120432174E-6
2.165555583014026E-6
2.0532301657451422E-6
2.7861551687980505E-7
1.9958837808677812E-7
2.7676183484963067E-8
7.651694774072798E-17
7.651694774072798E-17
7.651694774072798E-17
7.651694774072798E-17
7.651694774072798E-17
7.651694774072798E-17
7.651694774072798E-17
7.651694774072798E-17
7.651694774072798E-17
7.651694774072798E-17
7.651694774072798E-17
7.651694774072798E-17
7.651694774072798E-17
7.651694774072798E-17
7.651694774072798E-17
7.651694774072798E-17
