<OOV> 0.007913759731595062 -0.0012986933171129657 4.5917967603337705E-4 2.6720472298983483E-4 -1.80401393706153E-4 -5.576837499309887E-4 -2.3423287792019533E-4 -1.6211000362587578E-4 4.528083744459903E-5 -1.465353033563523E-4 -1.0070631933098487E-4 2.677425071602655E-4 3.99074985241465E-4 -2.956011813283524E-4 -2.674739010135682E-4 2.2369244237304444E-4 3.0513240673667516E-4 8.356634859173192E-5 2.3684464128554477E-4 -2.0039771510975817E-4
, -0.012091804795540598 4.649121879997877E-4 -0.007107034129010451 -0.01577443860716839 0.0020096126866038485 -4.59345585530507E-5 0.002516112013495451 -0.004242413689567127 5.323366172299986E-4 9.25250535519693E-6 -0.0010810773576934974 3.2148202227442996E-4 -4.67940375708512E-4 -8.384162031781438E-4 -0.002315333874876087 -0.002999813479950445 -0.002186393617234478 7.125840428030785E-4 -0.0013687054284217371 -7.531386161283355E-5
the -0.004874128309644074 0.00464669604008976 0.0035379697937406615 0.003683577608637431 -0.002151183107549717 -6.822320375631742E-5 0.002453253162020898 -0.0026789584664527032 0.0020577426348299156 0.0015889067496827945 -0.0011677134316226499 8.682203498615893E-4 5.27719130688009E-4 9.176310804638226E-4 0.002872572427021946 -0.0016934303747500276 0.00126027004396025 -0.0011397562522688551 -0.003337378982689495 9.378646512495505E-4
in -0.018289391520888702 0.005681370302073089 0.004534800371082292 -9.487728175213841E-4 0.011921971308675209 0.0023881983125799288 -0.0061898226658384315 0.0027493262698223856 -8.84329825518278E-4 -0.0023171812912550853 0.0035530321152035032 -8.917468964190894E-4 -8.905070888241822E-4 0.002628858473079358 0.003607284627777623 0.006609110356896587 0.0013093696179174957 0.004618797798093964 3.3463344167703574E-5 0.0014521484973697978
of -0.01630524872326164 -0.007589933758871628 0.00198005325474169 -0.0016019568347148028 0.0028151581506040413 0.00132638487167837 -0.0024326184082251287 0.0027431223573586147 -9.392214792585065E-5 -0.001268124721086076 -1.9844562799714108E-4 -0.00111405523845005 0.0015297088555107973 0.001502550504780627 0.0030411984758735295 5.433408702396647E-4 0.0020814203189877234 -6.9079387531836E-4 -4.0832589471318377E-4 0.0014539633693147925
and -0.011296508025345662 0.0016212032366064158 0.0017706001028879959 -5.678027806039269E-4 0.0014388890177007422 -1.7666971403167766E-4 -4.125500873593935E-5 0.0011271681200849233 -4.142931839717409E-4 -3.805179494544419E-4 -0.0012944882089173206 -6.995341237186998E-4 9.786866177057217E-4 0.001556791463538567 0.0017684685908862456 -0.0010789987836798678 0.002752956675136436 -7.586089980719723E-4 0.0010361183535112625 3.914017746756896E-4
" -0.017400546535914458 -0.006068404889646754 -0.007907373045670314 0.006476469522629413 -0.009745799833787578 0.02135808030207933 -0.012795636283906299 -0.002488277884645267 -0.002744970583937048 -0.0021920992671505693 -2.1518409203376507E-4 -0.0023302615810916554 -0.0097787532352113 0.008627017781916843 -0.004058770121287547 -0.0038969614204689283 -0.005547111363466378 0.0028853084353485255 -1.7036579834787873E-4 -0.00212285649094696
a -0.0015983855151577714 0.013438209753944944 0.003997921686858631 0.0035676528743949585 -8.383763571308899E-4 -9.514114549295885E-4 8.592580227782444E-4 -0.001312925427551396 0.0012189095419709631 6.167622217453791E-4 -9.063680400233379E-4 -1.20138915811942E-4 -3.324901119874639E-4 9.379775724494007E-4 -2.61264852291053E-4 -3.083777997146519E-4 0.0018094379722807218 -4.115166758685674E-4 0.0011453869003192427 9.086417784468828E-4
to -0.018297934671516646 0.0019137525128203328 0.0012009435907985467 0.0036440541328858476 -0.00312611360009287 6.97421143458386E-4 0.0022346805678659276 0.0021931242909641793 0.0023744251686018693 0.0014949775123109016 4.818312576142037E-4 -0.0025700562040685032 0.003130979605469388 -0.0024847511049336754 0.001312496222295733 2.5238929077669875E-5 -0.00475893037763265 -6.32890522348113E-4 0.001397197930106096 -6.105496438009171E-5
's -0.0029092609343595297 0.005178322660633944 0.0025625575460841016 0.0024612292172161423 -0.001863719120725929 1.673947337135654E-4 0.0013138750986611328 -0.0018626889462400903 0.0011279920582925797 1.7183916836816437E-4 -1.7972531059960906E-5 5.269409428863761E-4 5.567241486432654E-4 -5.126663712375714E-5 5.424293442619016E-4 -9.522296762240721E-4 1.3962835414394763E-4 -4.8274286558848384E-4 -6.108201518309952E-4 -2.120976674363686E-4
will -0.019324037107456307 0.006777512841933452 3.3967709280751504E-5 0.004967766005064374 -0.004515750995393403 -0.0013697476676659945 0.003693561980402293 0.0031772448461751235 0.003269951342888575 0.0026352540587148018 -0.001088058181558317 -0.004067960109590156 0.004101267593595675 -0.003249219673171308 0.006925211085021349 -0.0017874128843882366 -0.012520893809332651 3.767631397620938E-4 0.006609300857040227 -0.0010204976839859698
Chrysler -0.008729149857048589 -0.010039560415023399 -0.0065145089176109235 0.007625767987786302 0.0019202449605189432 -0.005098175456143965 0.0016611367782323047 -0.0019095343695108551 -0.0025304314681320905 0.0028974717907503385 -6.344255482717535E-5 0.003767228562891269 -0.006603341523015353 -0.0011807045333843192 -1.9489276685794295E-4 0.0055365520415547815 1.4511562483125781E-5 -0.003879709389560752 0.0012599151142872907 -0.002107523667231197
at -0.015159776999703006 -0.011185851055679461 7.228699839032218E-4 -0.0012240055252117105 -0.0016299093976736162 0.001544671628393607 0.0030651947420871285 0.001764384295177955 -2.3189491292762468E-4 0.0015829753735102864 0.002261503019373143 -2.0187480590568293E-4 0.002528647392080375 4.5045954388627765E-4 -0.001906929634403532 -0.0018580302809540223 1.7395048918074753E-4 -6.097426049183615E-5 -3.0833235336742395E-4 -2.2025616785564776E-4
said -0.0030209610246907915 -1.4943394089730856E-4 0.0026661643463167955 -4.6036561337366427E-4 0.002957956278595744 -0.002398106176400994 -0.0022054381687430405 0.002745959327435355 -3.415072615495472E-4 -0.0012289857490977068 -0.0021025747314751767 -0.001370296373544262 0.002103458773854583 0.0027505574037043528 0.001600390780136789 -2.2343869786698963E-4 0.0031890973964959226 -1.5530744101039E-4 8.757477882801503E-4 -0.003806459094655981
The -0.012718018223160151 -0.003997236478091857 0.0033749114595282553 0.007139505517094881 -0.002787827812946237 0.0015818012588181404 0.003566153593810493 0.004471230615444045 3.4314498779897725E-4 0.0051825953009741665 0.0055052436292820275 -0.0014935418008575861 0.0038030610752833346 -1.9304619993794827E-4 -0.006639523083415307 0.00131001591325806 0.0011653058543939384 5.240437515915871E-4 -6.380974511891814E-4 -3.1717255448081836E-4
million 0.0020861672483368492 7.436554723709009E-4 -0.0011705658009240902 -2.1212528057219289E-4 0.005519766276837539 -3.772219081209479E-4 -0.0011040438282365706 0.003704430570481481 -0.0017872431495815255 -1.4483658189074812E-4 5.423902823030116E-4 5.153575276960872E-4 -4.4257229310514147E-4 0.0020330529516508584 0.001060989476272995 0.0038855031300329343 -4.357472664092812E-4 2.3753919074502212E-4 6.388802677984593E-4 0.0014268470334994083
for -0.011654854400772985 -0.004815074979591364 0.0010574632290306413 -5.69145334773666E-4 0.0022015161457238004 3.3768892113897374E-4 -4.717127180169116E-4 0.0020021503603426245 -4.5092378592809517E-4 -6.914852311974082E-4 8.135078907007722E-4 5.493621271709143E-6 0.0012321430666972749 0.0015643836223723413 0.00341326140981917 -7.292123785108254E-4 0.0016728796086643574 -4.043857116775355E-5 -7.005558197586083E-4 9.543211257359415E-4
$ -0.003678007785829919 4.701479495010551E-4 7.044766981483859E-4 2.4866080382371776E-4 -0.0014040937082503652 -0.0014684598656754522 -0.0011199751085730716 -0.0012057750226984454 9.793302319301143E-4 -9.512623889891942E-4 -1.8882079223773104E-4 0.0010224379290538622 0.0016318398928383934 0.001255258294622906 -3.352500914040842E-4 1.7569725034664673E-4 -3.5733833542159725E-4 -8.898920337818289E-4 -1.3392334443688506E-4 2.403697794844324E-4
said. -0.0028984281212759283 0.006087322063165302 -8.720055923377582E-4 -0.005007320247131399 -6.2631448654779E-4 -0.001754430194178559 0.0026220606050933815 -0.0011123974184490567 0.0029454219117509488 -2.0778483284227185E-4 7.274469806463718E-4 -7.036147288886719E-4 -6.5695238988163E-4 -5.695982111804598E-4 -3.2042940775658393E-4 -3.2748737518716574E-4 3.807927922333045E-4 -0.0011920886507341152 5.546493045009596E-5 -7.471308844646719E-4
Tuesday 0.0010961796011256947 0.0024271464330184547 -0.0015291082650926782 0.0019504167651871393 -3.817287018658608E-4 -0.0036467929609943052 0.0032754530766424166 0.0030410877811343916 -0.003945919114969054 0.003494884937924905 -8.792308298396108E-4 -5.557310267494595E-4 -0.005124766782963922 -0.001850793831812355 0.001985984228990172 -0.00165466937705033 0.0015224092389851116 0.0033298478992512307 -2.543363329614089E-4 -6.442356020715623E-4
was -0.008956954979887155 0.0076900954866703924 0.0028767451061899006 0.003060889589207403 -0.0011101803142522981 0.0016636757954926996 0.0024943213946525835 -0.0014078536971171745 0.0010533887008138537 5.471375684827045E-4 -6.827584843681067E-4 -1.6698838805220725E-4 3.4439326785467826E-5 0.001042149394222937 0.0015749471146143887 9.403032096901432E-4 5.00481313558946E-4 -3.824722027102559E-4 -0.0011088493474425793 3.9360726469296457E-4
about -0.025943995566783888 -0.012730235814930883 2.033479222528453E-4 0.004253505928752191 -0.004221772006688289 0.0011259260340229244 0.006369366284463786 0.007523358733358018 2.1234436662502052E-4 0.009525704499307975 0.007616796399441223 -0.0032083664872270693 0.006578478923961003 -8.153483617358005E-4 -0.01279337797315339 2.6218863409795793E-5 0.0016914072858568157 0.002046429712227461 -0.0012689690985691255 -1.328382863636511E-4
from -0.007510428929159685 9.150448388138682E-4 -0.0029204692250622524 -0.008176601347056278 -0.0034989003810296723 -8.439031567824308E-5 -2.2297292327847103E-4 0.002733812513339254 0.0047990550281253545 -0.0017653571717409246 -2.7376572326550996E-4 -0.0030103043287427146 2.461919874316361E-4 -0.00342811019097149 0.0014352752058247843 0.001079053544040051 0.0027709569516810566 -0.0035011950542832146 -3.9851875906026207E-4 0.001271078040164065
is -0.004443825239399302 -9.282579257597816E-4 0.001525582016248049 0.0014988421372157533 -0.0035672848509866223 0.0018354054066008875 0.007466183788162724 2.950792838799949E-4 -0.0031908464222892966 -0.00849174808207531 9.269914148067422E-4 -6.150236493875056E-5 0.0014482798237358313 1.1100600440617E-4 -5.274186903840959E-4 8.685945257156251E-4 -3.6900165694398444E-4 1.4419083713858728E-4 -1.546523201451235E-4 5.894304609492214E-4
be -0.008484214723764937 -0.0016287395257178052 -0.0038320997254605413 -0.00696481240944529 -0.004538701849185945 -2.378438898535354E-4 0.0033879387828584834 -1.4548870938587089E-5 0.002338842455978761 -2.276123129667013E-4 0.001605054027320836 -2.713923826022542E-5 -5.174126244082361E-4 7.856376208935875E-4 1.583910494562188E-4 -0.002449955076565395 5.659574829543559E-4 -0.0011063601187575947 2.3152917820148053E-5 -3.460094194170756E-4
on -0.01756274035095354 0.0036785871310744643 0.004421486938064561 5.570402634107075E-4 0.013888296146417161 -0.002467748648090097 -0.011949647802701472 0.009574219479217279 -0.002473435439378398 -0.0036311364162125094 0.012464031228776156 0.0049296122217534835 -0.0027942384771155165 -0.005610684509404299 0.0011121471525368373 -0.004391269532654566 -0.0028075463324046964 -0.003090354028706092 -0.0027222165609967577 0.001271837242944852
plant 0.010714237499021955 0.0028538982910368774 8.188600101388972E-4 -6.767494853640216E-4 -2.8568770297616314E-4 -5.279593645169089E-4 4.592086271465386E-4 -0.001959841895952335 -0.0014865206152963105 5.83936035972575E-4 9.50364420773376E-4 -0.0024282848834587213 3.5146540752415903E-4 -6.478288923264676E-4 1.644518411325541E-4 1.2274059806808505E-4 -6.119358708417701E-4 -0.0013491418259865252 -2.3436572560191796E-4 0.0014567704148106585
Mexico -0.0026197416558180397 -0.00856630002914379 -0.001169155199147417 0.001652005900411787 -0.0033295549577942716 -0.005077161079555981 0.0016412127689080873 0.002906431962797191 -0.00494150356974981 0.0030834111920591276 -0.0020091416863193875 0.002790304822550081 -0.0065899062881832615 4.101683879993289E-4 -9.722052332666673E-4 0.002266479945955375 -5.123538400186995E-4 -0.004463808228499185 -1.2981766192172965E-4 5.091507536360246E-4
. -0.015824537309181597 0.012316869480245317 0.004113428337990993 0.0029756950508728623 -0.0031088542990481676 -0.0020688568502711595 -1.2763447878587884E-4 -0.002514875004907707 0.0017719766353304803 -1.7895341725117765E-4 -2.541688287317423E-4 2.1952024803228946E-4 1.1150426182853795E-5 1.3650511423709375E-4 0.0013548280824101095 -7.208178571364346E-4 9.644961471839569E-4 2.4154860379726217E-4 -0.0011281595088657064 3.5886699968478396E-4
Corp. 0.015338092117567825 0.015485171688466604 -0.0015002111953192213 0.004407202700069032 0.0028439712989130513 -0.007065771136943639 -0.005563966742557796 0.0077612122273268275 -0.0019823117261059055 -0.0011910573096340121 0.0015361031668967308 0.0018238055307160702 -0.0019240531410674585 -9.61316827803372E-4 -0.0026523477393950662 -8.707452939762431E-4 -0.0031775508924358257 -8.948098450737423E-4 -0.0024656088289269945 4.003222700594903E-4
that -0.01673276350445726 0.0012674238534293512 8.283489057513586E-4 -0.002237853643065017 0.007023136358059211 0.0013963357278266072 -0.0033343005702681575 0.0044692742031107666 -0.002176808629221452 -0.002189807308323774 -0.0020613245328980337 -0.00411245888357473 -5.594392314815167E-4 0.0038359576002089035 0.0010897874908280577 0.0011423672720155256 0.002757741948657694 6.223338518274318E-4 0.0025533688569118716 -3.8606253368491365E-4
Jeep -0.00209379654867169 0.010536002755685983 0.004932649070571841 0.002023331607947673 3.661253553269941E-4 8.834577215426548E-4 0.001569970814082409 -0.0029831825642890357 9.670098023149751E-4 9.520112628611278E-4 8.314579502876043E-5 0.0016620154216867016 -7.204111966765205E-4 8.179483617668431E-4 -0.0030937287691896265 -6.781654655352717E-4 4.540298728196339E-4 -0.0014263345054714366 -0.0030443029958904092 -2.5630517562664264E-4
it -0.007991733681224442 -0.020543557591166425 -0.00513443259318667 -0.001806597430540082 -7.910431904420658E-4 -0.004690787546864157 0.002969189165058255 -0.0019047349563318077 -0.005694962436682165 0.004189389986323762 -0.0012386165044282749 0.005850121696322545 -0.006889970110856901 -0.0029353646413579093 -0.0011515822976034098 0.0029904460343048644 -0.0018700253792938587 -0.0029162801606037675 0.0011080041030069525 0.00126214460544773
market -0.008101024558094529 -0.015096048744247196 -0.0027891818420978645 0.0017644898226832897 1.8132060108663137E-4 -0.002236137914550461 0.0011173527108394013 0.0034679895929413795 -0.004192519716367891 0.0013394053260192618 -0.0032680707819065908 4.278351936125827E-4 -7.463187739838153E-4 0.0019179121558483428 0.0020808720662529962 0.0014003501165317227 9.937997466256013E-4 -0.0013174628436443028 -2.6686863688823743E-4 2.859851460321501E-4
Brazil 0.0062606765800843215 8.513654595786233E-4 -0.003469471947117831 0.002303552908408538 -0.0018818753359806774 -0.006151453402161586 -5.723028562903327E-4 0.003406884919696797 -0.0022569294252271365 9.104021690499302E-4 -0.0024829305521021795 0.0013612730646490813 -0.002217541961412044 8.888919616206802E-4 -0.0011380207833716013 0.0011474649305607384 -8.496011466368101E-4 -0.0010096926650506651 -7.485582247934489E-4 -9.569410182347299E-4
with -0.007631741979952842 7.808698744176974E-4 0.0016353442950737 0.0021732368917572755 -8.161888237916427E-4 0.001178201649131909 0.001557417399009675 -9.08804271968176E-4 -3.8236884164426227E-4 5.7711191841790063E-5 -8.453423583863861E-4 8.569721328361884E-6 0.0013579686245270201 1.1953388320385263E-4 3.336681203578806E-4 -0.0010143911946448635 -9.651904606780659E-4 -2.9788696654918306E-4 -0.0012930484090122388 2.4703725202140514E-5
by -0.010397043949966406 -6.633385856684985E-4 0.0022781477093528762 0.0010299734950790184 0.0013429068041542706 3.9760406530658845E-4 -9.975383190173839E-5 0.0010663902830946761 1.6899990112744363E-4 -5.313526919980163E-4 8.578596265755059E-4 2.0136210094772933E-4 0.0013286594612007504 0.0012968826824695497 0.0033378170353179893 -9.222156339182E-4 0.0014914558671571287 -3.2378634419975985E-4 -0.0012455029074556591 9.025238315362642E-4
he -0.007787467223593839 0.01246325547010708 -0.04817589140195012 0.018584235354317902 0.00926287942518866 0.0011386822631869334 -3.071908369541226E-4 -0.007710053441245394 0.0024598714287598724 -0.001718522458368525 0.002789996341072543 -1.6176318104111403E-4 0.0035599823650688876 -0.0027193760521464407 5.023875324502763E-4 -3.8270408147935943E-4 0.00417507401680708 -3.0938322125063823E-7 3.226933624630148E-4 -2.655320208511234E-4
has -0.010924654248323543 0.012050102427444436 0.005379813750002458 0.0033287614557574465 -0.0025269455048492376 -0.0016431456346039334 2.825035996213719E-4 -0.002144804799512298 0.0018402276281122081 2.774588896239441E-4 -2.546601757399537E-4 -3.538294022534109E-5 4.2699321779913075E-4 -2.9528616673345605E-4 0.0017887859655378137 -5.777555156934662E-4 0.0011521675875543257 3.051624059042201E-4 -9.7386034642447E-4 1.6155377227744397E-4
which -0.01776043308682791 -0.0071587384553382875 -0.0029783585225637782 -0.0013990627884011085 -0.003275543865939346 -0.006320044275342797 0.0011695348418386637 -0.003910699718079337 -0.006211810124210789 0.003632085326614176 9.966403104584107E-4 -8.727426058028203E-6 -0.006191703112985019 -0.002419725120863172 6.807866608779022E-5 0.0014547230955502613 -0.001642330195080616 -0.003275611361232696 -1.6653406159949534E-4 0.0028556367538032004
or -0.009970910682733945 0.0030829674989942117 2.2734885205288898E-4 0.001434372112356713 -0.0017948582996017278 0.0021636090195141814 0.0031061976020265486 0.0037913081373515973 0.004951420557318352 -6.023224043905657E-4 -0.0039824686529146055 0.001703981012692248 6.611277217931967E-4 -0.0026435837507610533 7.660127334097431E-4 -8.006517635510486E-5 0.001492465933268508 -0.0030043653348132723 -5.385500623208298E-4 0.0018819413408850368
Mercosur 0.00153733777541092 0.009414632816280499 0.004944030426346594 0.004957812170940912 0.0012988375119939494 0.0022195387044801284 0.0011183073017904921 -0.0014178412064107936 0.001539910853027262 8.527984020719444E-4 0.001128288536868213 1.9237520569314847E-4 0.0014429818184498381 -0.0016617078856818982 2.9156830599794104E-4 0.0029309003290562178 -0.0017443072876991942 -0.0010557651327843646 5.327823630709958E-4 -0.0010813876523274363
year 0.020049120427203387 -0.02197851610867502 0.002143019471426694 -0.0033213928822884986 0.0019367291766323532 -0.0018622725861380462 -0.0023172231680561235 -0.0019136828698864841 -1.3618509209642444E-4 5.968172335094718E-5 -0.0022583088902560157 0.002652835100100229 0.002581924494691313 -0.0018081339064227116 -4.24276780058445E-4 0.0010289735811509393 8.145758377637449E-4 9.645559061085121E-4 -0.001605992147723079 -0.010201652392456623
We -0.0034251044571879485 0.014473366146954393 0.004094974712335489 0.004181689925962431 -0.0014216559263302434 -4.3409080790681224E-5 0.001318214593476327 -0.001983057739011553 0.0014821885869129242 2.9062487223381785E-4 -3.0728702802895703E-4 1.5718320982533528E-4 1.971327727971647E-4 2.119584941641026E-4 0.001051240833603489 -3.5766969659163146E-4 5.748918951892825E-4 -6.010750854433537E-4 -9.410516736261521E-4 4.793033287009472E-4
rates 0.021028549360418248 0.0010318647923769828 -0.00196738566411491 1.8372316422391515E-4 0.0032123437936899396 0.00853692998445014 0.008301025465451242 0.007888721187993905 -0.003744749036267517 0.004649810450737903 -0.001046164092553629 -0.007393651460328775 -0.005792117357892369 -0.006599432305949269 0.004079562247047926 -0.004900460948443047 0.002597809027708627 0.0014467805975479744 -0.0012219165416867369 -0.0010893794057910205
Argentina 0.007981451828526996 -0.007465318724008949 -0.0017901252801085774 0.0010777562850289438 -0.003963732946965669 -0.007941992139730163 -0.003991857333717806 0.004456203104997841 -0.00173408074008165 -8.764916587766694E-4 -0.0026227072151204017 2.701294370445367E-4 -5.05365938125892E-4 0.001800621936191664 -0.0016933426066543277 -3.749171572666183E-4 0.00117541802276981 0.0028304920205516034 -9.425166026017384E-4 -0.0011633230296693292
one 0.008683552645674237 0.009338994354715914 0.0047172550916994216 0.0026883125493466315 -0.0016475581855212727 -0.001932562112946511 -7.521314862071649E-4 -4.4607136561359813E-4 0.001236848287939132 4.341832124632346E-4 -0.0023833874440305283 -6.132841374662366E-4 -8.453892023508215E-4 0.0015530697645475939 -0.0019859421720852216 -4.702211921332172E-4 0.004990565072146089 -2.309040984599215E-4 0.008146976887803917 0.0014324153789810274
its -0.0034251044571879485 0.014473366146954393 0.004094974712335489 0.004181689925962431 -0.0014216559263302434 -4.3409080790681224E-5 0.001318214593476327 -0.001983057739011553 0.0014821885869129242 2.9062487223381785E-4 -3.0728702802895703E-4 1.5718320982533528E-4 1.971327727971647E-4 2.119584941641026E-4 0.001051240833603489 -3.5766969659163146E-4 5.748918951892825E-4 -6.010750854433537E-4 -9.410516736261521E-4 4.793033287009472E-4
% -0.006662472761447484 0.0072366121247194005 0.0026510441389653097 0.005620783359898481 -0.007122819661161268 6.657861355235659E-6 0.012950247665263126 0.0020300327253860574 -0.009955632120489511 -0.023627903972388765 0.0035936266024000968 0.0012705619149273248 -4.123678137211083E-4 -0.0037647291218965225 -0.0023405309210394 6.890261824816238E-4 9.301340956259185E-4 0.001390172829575692 4.7799250200497746E-4 -0.0010632872818153837
8 0.0 0.0 0.0 0.0 0.0 0.0 0.0 0.0 0.0 0.0 0.0 0.0 0.0 0.0 0.0 0.0 0.0 0.0 0.0 0.0
markets 5.607671212585277E-4 0.0031556514358017443 0.0039457762070953546 0.002369284290693359 -0.0026853916144121146 -0.002592499111487146 -0.0026464137526521483 0.002184457272361634 -8.091263463932875E-4 1.892109920403697E-4 -0.002928861845410343 -0.0015603030746900624 -0.0017208813350500151 -0.0014316276591284291 -2.2785665122449132E-4 2.8354567377669276E-4 0.0013162448157417862 9.539332881477757E-4 -0.002450347758761251 -0.002281189958888011
<OOV> -0.012091804795540598 4.649121879997877E-4 -0.007107034129010451 -0.01577443860716839 0.0020096126866038485 -4.59345585530507E-5 0.002516112013495451 -0.004242413689567127 5.323366172299986E-4 9.25250535519693E-6 -0.0010810773576934974 3.2148202227442996E-4 -4.67940375708512E-4 -8.384162031781438E-4 -0.002315333874876087 -0.002999813479950445 -0.002186393617234478 7.125840428030785E-4 -0.0013687054284217371 -7.531386161283355E-5
, -0.004874128309644074 0.00464669604008976 0.0035379697937406615 0.003683577608637431 -0.002151183107549717 -6.822320375631742E-5 0.002453253162020898 -0.0026789584664527032 0.0020577426348299156 0.0015889067496827945 -0.0011677134316226499 8.682203498615893E-4 5.27719130688009E-4 9.176310804638226E-4 0.002872572427021946 -0.0016934303747500276 0.00126027004396025 -0.0011397562522688551 -0.003337378982689495 9.378646512495505E-4
the -0.018289391520888702 0.005681370302073089 0.004534800371082292 -9.487728175213841E-4 0.011921971308675209 0.0023881983125799288 -0.0061898226658384315 0.0027493262698223856 -8.84329825518278E-4 -0.0023171812912550853 0.0035530321152035032 -8.917468964190894E-4 -8.905070888241822E-4 0.002628858473079358 0.003607284627777623 0.006609110356896587 0.0013093696179174957 0.004618797798093964 3.3463344167703574E-5 0.0014521484973697978
in -0.01630524872326164 -0.007589933758871628 0.00198005325474169 -0.0016019568347148028 0.0028151581506040413 0.00132638487167837 -0.0024326184082251287 0.0027431223573586147 -9.392214792585065E-5 -0.001268124721086076 -1.9844562799714108E-4 -0.00111405523845005 0.0015297088555107973 0.001502550504780627 0.0030411984758735295 5.433408702396647E-4 0.0020814203189877234 -6.9079387531836E-4 -4.0832589471318377E-4 0.0014539633693147925
of -0.011296508025345662 0.0016212032366064158 0.0017706001028879959 -5.678027806039269E-4 0.0014388890177007422 -1.7666971403167766E-4 -4.125500873593935E-5 0.0011271681200849233 -4.142931839717409E-4 -3.805179494544419E-4 -0.0012944882089173206 -6.995341237186998E-4 9.786866177057217E-4 0.001556791463538567 0.0017684685908862456 -0.0010789987836798678 0.002752956675136436 -7.586089980719723E-4 0.0010361183535112625 3.914017746756896E-4
and -0.017400546535914458 -0.006068404889646754 -0.007907373045670314 0.006476469522629413 -0.009745799833787578 0.02135808030207933 -0.012795636283906299 -0.002488277884645267 -0.002744970583937048 -0.0021920992671505693 -2.1518409203376507E-4 -0.0023302615810916554 -0.0097787532352113 0.008627017781916843 -0.004058770121287547 -0.0038969614204689283 -0.005547111363466378 0.0028853084353485255 -1.7036579834787873E-4 -0.00212285649094696
" -0.0015983855151577714 0.013438209753944944 0.003997921686858631 0.0035676528743949585 -8.383763571308899E-4 -9.514114549295885E-4 8.592580227782444E-4 -0.001312925427551396 0.0012189095419709631 6.167622217453791E-4 -9.063680400233379E-4 -1.20138915811942E-4 -3.324901119874639E-4 9.379775724494007E-4 -2.61264852291053E-4 -3.083777997146519E-4 0.0018094379722807218 -4.115166758685674E-4 0.0011453869003192427 9.086417784468828E-4
a -0.018297934671516646 0.0019137525128203328 0.0012009435907985467 0.0036440541328858476 -0.00312611360009287 6.97421143458386E-4 0.0022346805678659276 0.0021931242909641793 0.0023744251686018693 0.0014949775123109016 4.818312576142037E-4 -0.0025700562040685032 0.003130979605469388 -0.0024847511049336754 0.001312496222295733 2.5238929077669875E-5 -0.00475893037763265 -6.32890522348113E-4 0.001397197930106096 -6.105496438009171E-5
to -0.0029092609343595297 0.005178322660633944 0.0025625575460841016 0.0024612292172161423 -0.001863719120725929 1.673947337135654E-4 0.0013138750986611328 -0.0018626889462400903 0.0011279920582925797 1.7183916836816437E-4 -1.7972531059960906E-5 5.269409428863761E-4 5.567241486432654E-4 -5.126663712375714E-5 5.424293442619016E-4 -9.522296762240721E-4 1.3962835414394763E-4 -4.8274286558848384E-4 -6.108201518309952E-4 -2.120976674363686E-4
's -0.019324037107456307 0.006777512841933452 3.3967709280751504E-5 0.004967766005064374 -0.004515750995393403 -0.0013697476676659945 0.003693561980402293 0.0031772448461751235 0.003269951342888575 0.0026352540587148018 -0.001088058181558317 -0.004067960109590156 0.004101267593595675 -0.003249219673171308 0.006925211085021349 -0.0017874128843882366 -0.012520893809332651 3.767631397620938E-4 0.006609300857040227 -0.0010204976839859698
will -0.008729149857048589 -0.010039560415023399 -0.0065145089176109235 0.007625767987786302 0.0019202449605189432 -0.005098175456143965 0.0016611367782323047 -0.0019095343695108551 -0.0025304314681320905 0.0028974717907503385 -6.344255482717535E-5 0.003767228562891269 -0.006603341523015353 -0.0011807045333843192 -1.9489276685794295E-4 0.0055365520415547815 1.4511562483125781E-5 -0.003879709389560752 0.0012599151142872907 -0.002107523667231197
Chrysler -0.015159776999703006 -0.011185851055679461 7.228699839032218E-4 -0.0012240055252117105 -0.0016299093976736162 0.001544671628393607 0.0030651947420871285 0.001764384295177955 -2.3189491292762468E-4 0.0015829753735102864 0.002261503019373143 -2.0187480590568293E-4 0.002528647392080375 4.5045954388627765E-4 -0.001906929634403532 -0.0018580302809540223 1.7395048918074753E-4 -6.097426049183615E-5 -3.0833235336742395E-4 -2.2025616785564776E-4
at -0.0030209610246907915 -1.4943394089730856E-4 0.0026661643463167955 -4.6036561337366427E-4 0.002957956278595744 -0.002398106176400994 -0.0022054381687430405 0.002745959327435355 -3.415072615495472E-4 -0.0012289857490977068 -0.0021025747314751767 -0.001370296373544262 0.002103458773854583 0.0027505574037043528 0.001600390780136789 -2.2343869786698963E-4 0.0031890973964959226 -1.5530744101039E-4 8.757477882801503E-4 -0.003806459094655981
said -0.012718018223160151 -0.003997236478091857 0.0033749114595282553 0.007139505517094881 -0.002787827812946237 0.0015818012588181404 0.003566153593810493 0.004471230615444045 3.4314498779897725E-4 0.0051825953009741665 0.0055052436292820275 -0.0014935418008575861 0.0038030610752833346 -1.9304619993794827E-4 -0.006639523083415307 0.00131001591325806 0.0011653058543939384 5.240437515915871E-4 -6.380974511891814E-4 -3.1717255448081836E-4
The 0.0020861672483368492 7.436554723709009E-4 -0.0011705658009240902 -2.1212528057219289E-4 0.005519766276837539 -3.772219081209479E-4 -0.0011040438282365706 0.003704430570481481 -0.0017872431495815255 -1.4483658189074812E-4 5.423902823030116E-4 5.153575276960872E-4 -4.4257229310514147E-4 0.0020330529516508584 0.001060989476272995 0.0038855031300329343 -4.357472664092812E-4 2.3753919074502212E-4 6.388802677984593E-4 0.0014268470334994083
million -0.011654854400772985 -0.004815074979591364 0.0010574632290306413 -5.69145334773666E-4 0.0022015161457238004 3.3768892113897374E-4 -4.717127180169116E-4 0.0020021503603426245 -4.5092378592809517E-4 -6.914852311974082E-4 8.135078907007722E-4 5.493621271709143E-6 0.0012321430666972749 0.0015643836223723413 0.00341326140981917 -7.292123785108254E-4 0.0016728796086643574 -4.043857116775355E-5 -7.005558197586083E-4 9.543211257359415E-4
for -0.003678007785829919 4.701479495010551E-4 7.044766981483859E-4 2.4866080382371776E-4 -0.0014040937082503652 -0.0014684598656754522 -0.0011199751085730716 -0.0012057750226984454 9.793302319301143E-4 -9.512623889891942E-4 -1.8882079223773104E-4 0.0010224379290538622 0.0016318398928383934 0.001255258294622906 -3.352500914040842E-4 1.7569725034664673E-4 -3.5733833542159725E-4 -8.898920337818289E-4 -1.3392334443688506E-4 2.403697794844324E-4
$ -0.0028984281212759283 0.006087322063165302 -8.720055923377582E-4 -0.005007320247131399 -6.2631448654779E-4 -0.001754430194178559 0.0026220606050933815 -0.0011123974184490567 0.0029454219117509488 -2.0778483284227185E-4 7.274469806463718E-4 -7.036147288886719E-4 -6.5695238988163E-4 -5.695982111804598E-4 -3.2042940775658393E-4 -3.2748737518716574E-4 3.807927922333045E-4 -0.0011920886507341152 5.546493045009596E-5 -7.471308844646719E-4
said. 0.0010961796011256947 0.0024271464330184547 -0.0015291082650926782 0.0019504167651871393 -3.817287018658608E-4 -0.0036467929609943052 0.0032754530766424166 0.0030410877811343916 -0.003945919114969054 0.003494884937924905 -8.792308298396108E-4 -5.557310267494595E-4 -0.005124766782963922 -0.001850793831812355 0.001985984228990172 -0.00165466937705033 0.0015224092389851116 0.0033298478992512307 -2.543363329614089E-4 -6.442356020715623E-4
Tuesday -0.008956954979887155 0.0076900954866703924 0.0028767451061899006 0.003060889589207403 -0.0011101803142522981 0.0016636757954926996 0.0024943213946525835 -0.0014078536971171745 0.0010533887008138537 5.471375684827045E-4 -6.827584843681067E-4 -1.6698838805220725E-4 3.4439326785467826E-5 0.001042149394222937 0.0015749471146143887 9.403032096901432E-4 5.00481313558946E-4 -3.824722027102559E-4 -0.0011088493474425793 3.9360726469296457E-4
was -0.025943995566783888 -0.012730235814930883 2.033479222528453E-4 0.004253505928752191 -0.004221772006688289 0.0011259260340229244 0.006369366284463786 0.007523358733358018 2.1234436662502052E-4 0.009525704499307975 0.007616796399441223 -0.0032083664872270693 0.006578478923961003 -8.153483617358005E-4 -0.01279337797315339 2.6218863409795793E-5 0.0016914072858568157 0.002046429712227461 -0.0012689690985691255 -1.328382863636511E-4
about -0.007510428929159685 9.150448388138682E-4 -0.0029204692250622524 -0.008176601347056278 -0.0034989003810296723 -8.439031567824308E-5 -2.2297292327847103E-4 0.002733812513339254 0.0047990550281253545 -0.0017653571717409246 -2.7376572326550996E-4 -0.0030103043287427146 2.461919874316361E-4 -0.00342811019097149 0.0014352752058247843 0.001079053544040051 0.0027709569516810566 -0.0035011950542832146 -3.9851875906026207E-4 0.001271078040164065
from -0.004443825239399302 -9.282579257597816E-4 0.001525582016248049 0.0014988421372157533 -0.0035672848509866223 0.0018354054066008875 0.007466183788162724 2.950792838799949E-4 -0.0031908464222892966 -0.00849174808207531 9.269914148067422E-4 -6.150236493875056E-5 0.0014482798237358313 1.1100600440617E-4 -5.274186903840959E-4 8.685945257156251E-4 -3.6900165694398444E-4 1.4419083713858728E-4 -1.546523201451235E-4 5.894304609492214E-4
is -0.008484214723764937 -0.0016287395257178052 -0.0038320997254605413 -0.00696481240944529 -0.004538701849185945 -2.378438898535354E-4 0.0033879387828584834 -1.4548870938587089E-5 0.002338842455978761 -2.276123129667013E-4 0.001605054027320836 -2.713923826022542E-5 -5.174126244082361E-4 7.856376208935875E-4 1.583910494562188E-4 -0.002449955076565395 5.659574829543559E-4 -0.0011063601187575947 2.3152917820148053E-5 -3.460094194170756E-4
be -0.01756274035095354 0.0036785871310744643 0.004421486938064561 5.570402634107075E-4 0.013888296146417161 -0.002467748648090097 -0.011949647802701472 0.009574219479217279 -0.002473435439378398 -0.0036311364162125094 0.012464031228776156 0.0049296122217534835 -0.0027942384771155165 -0.005610684509404299 0.0011121471525368373 -0.004391269532654566 -0.0028075463324046964 -0.003090354028706092 -0.0027222165609967577 0.001271837242944852
on 0.010714237499021955 0.0028538982910368774 8.188600101388972E-4 -6.767494853640216E-4 -2.8568770297616314E-4 -5.279593645169089E-4 4.592086271465386E-4 -0.001959841895952335 -0.0014865206152963105 5.83936035972575E-4 9.50364420773376E-4 -0.0024282848834587213 3.5146540752415903E-4 -6.478288923264676E-4 1.644518411325541E-4 1.2274059806808505E-4 -6.119358708417701E-4 -0.0013491418259865252 -2.3436572560191796E-4 0.0014567704148106585
plant -0.0026197416558180397 -0.00856630002914379 -0.001169155199147417 0.001652005900411787 -0.0033295549577942716 -0.005077161079555981 0.0016412127689080873 0.002906431962797191 -0.00494150356974981 0.0030834111920591276 -0.0020091416863193875 0.002790304822550081 -0.0065899062881832615 4.101683879993289E-4 -9.722052332666673E-4 0.002266479945955375 -5.123538400186995E-4 -0.004463808228499185 -1.2981766192172965E-4 5.091507536360246E-4
Mexico -0.015824537309181597 0.012316869480245317 0.004113428337990993 0.0029756950508728623 -0.0031088542990481676 -0.0020688568502711595 -1.2763447878587884E-4 -0.002514875004907707 0.0017719766353304803 -1.7895341725117765E-4 -2.541688287317423E-4 2.1952024803228946E-4 1.1150426182853795E-5 1.3650511423709375E-4 0.0013548280824101095 -7.208178571364346E-4 9.644961471839569E-4 2.4154860379726217E-4 -0.0011281595088657064 3.5886699968478396E-4
. 0.015338092117567825 0.015485171688466604 -0.0015002111953192213 0.004407202700069032 0.0028439712989130513 -0.007065771136943639 -0.005563966742557796 0.0077612122273268275 -0.0019823117261059055 -0.0011910573096340121 0.0015361031668967308 0.0018238055307160702 -0.0019240531410674585 -9.61316827803372E-4 -0.0026523477393950662 -8.707452939762431E-4 -0.0031775508924358257 -8.948098450737423E-4 -0.0024656088289269945 4.003222700594903E-4
Corp. -0.01673276350445726 0.0012674238534293512 8.283489057513586E-4 -0.002237853643065017 0.007023136358059211 0.0013963357278266072 -0.0033343005702681575 0.0044692742031107666 -0.002176808629221452 -0.002189807308323774 -0.0020613245328980337 -0.00411245888357473 -5.594392314815167E-4 0.0038359576002089035 0.0010897874908280577 0.0011423672720155256 0.002757741948657694 6.223338518274318E-4 0.0025533688569118716 -3.8606253368491365E-4
that -0.00209379654867169 0.010536002755685983 0.004932649070571841 0.002023331607947673 3.661253553269941E-4 8.834577215426548E-4 0.001569970814082409 -0.0029831825642890357 9.670098023149751E-4 9.520112628611278E-4 8.314579502876043E-5 0.0016620154216867016 -7.204111966765205E-4 8.179483617668431E-4 -0.0030937287691896265 -6.781654655352717E-4 4.540298728196339E-4 -0.0014263345054714366 -0.0030443029958904092 -2.5630517562664264E-4
Jeep -0.007991733681224442 -0.020543557591166425 -0.00513443259318667 -0.001806597430540082 -7.910431904420658E-4 -0.004690787546864157 0.002969189165058255 -0.0019047349563318077 -0.005694962436682165 0.004189389986323762 -0.0012386165044282749 0.005850121696322545 -0.006889970110856901 -0.0029353646413579093 -0.0011515822976034098 0.0029904460343048644 -0.0018700253792938587 -0.0029162801606037675 0.0011080041030069525 0.00126214460544773
it -0.008101024558094529 -0.015096048744247196 -0.0027891818420978645 0.0017644898226832897 1.8132060108663137E-4 -0.002236137914550461 0.0011173527108394013 0.0034679895929413795 -0.004192519716367891 0.0013394053260192618 -0.0032680707819065908 4.278351936125827E-4 -7.463187739838153E-4 0.0019179121558483428 0.0020808720662529962 0.0014003501165317227 9.937997466256013E-4 -0.0013174628436443028 -2.6686863688823743E-4 2.859851460321501E-4
market 0.0062606765800843215 8.513654595786233E-4 -0.003469471947117831 0.002303552908408538 -0.0018818753359806774 -0.006151453402161586 -5.723028562903327E-4 0.003406884919696797 -0.0022569294252271365 9.104021690499302E-4 -0.0024829305521021795 0.0013612730646490813 -0.002217541961412044 8.888919616206802E-4 -0.0011380207833716013 0.0011474649305607384 -8.496011466368101E-4 -0.0010096926650506651 -7.485582247934489E-4 -9.569410182347299E-4
Brazil -0.007631741979952842 7.808698744176974E-4 0.0016353442950737 0.0021732368917572755 -8.161888237916427E-4 0.001178201649131909 0.001557417399009675 -9.08804271968176E-4 -3.8236884164426227E-4 5.7711191841790063E-5 -8.453423583863861E-4 8.569721328361884E-6 0.0013579686245270201 1.1953388320385263E-4 3.336681203578806E-4 -0.0010143911946448635 -9.651904606780659E-4 -2.9788696654918306E-4 -0.0012930484090122388 2.4703725202140514E-5
with -0.010397043949966406 -6.633385856684985E-4 0.0022781477093528762 0.0010299734950790184 0.0013429068041542706 3.9760406530658845E-4 -9.975383190173839E-5 0.0010663902830946761 1.6899990112744363E-4 -5.313526919980163E-4 8.578596265755059E-4 2.0136210094772933E-4 0.0013286594612007504 0.0012968826824695497 0.0033378170353179893 -9.222156339182E-4 0.0014914558671571287 -3.2378634419975985E-4 -0.0012455029074556591 9.025238315362642E-4
by -0.007787467223593839 0.01246325547010708 -0.04817589140195012 0.018584235354317902 0.00926287942518866 0.0011386822631869334 -3.071908369541226E-4 -0.007710053441245394 0.0024598714287598724 -0.001718522458368525 0.002789996341072543 -1.6176318104111403E-4 0.0035599823650688876 -0.0027193760521464407 5.023875324502763E-4 -3.8270408147935943E-4 0.00417507401680708 -3.0938322125063823E-7 3.226933624630148E-4 -2.655320208511234E-4
he -0.010924654248323543 0.012050102427444436 0.005379813750002458 0.0033287614557574465 -0.0025269455048492376 -0.0016431456346039334 2.825035996213719E-4 -0.002144804799512298 0.0018402276281122081 2.774588896239441E-4 -2.546601757399537E-4 -3.538294022534109E-5 4.2699321779913075E-4 -2.9528616673345605E-4 0.0017887859655378137 -5.777555156934662E-4 0.0011521675875543257 3.051624059042201E-4 -9.7386034642447E-4 1.6155377227744397E-4
has -0.01776043308682791 -0.0071587384553382875 -0.0029783585225637782 -0.0013990627884011085 -0.003275543865939346 -0.006320044275342797 0.0011695348418386637 -0.003910699718079337 -0.006211810124210789 0.003632085326614176 9.966403104584107E-4 -8.727426058028203E-6 -0.006191703112985019 -0.002419725120863172 6.807866608779022E-5 0.0014547230955502613 -0.001642330195080616 -0.003275611361232696 -1.6653406159949534E-4 0.0028556367538032004
which -0.009970910682733945 0.0030829674989942117 2.2734885205288898E-4 0.001434372112356713 -0.0017948582996017278 0.0021636090195141814 0.0031061976020265486 0.0037913081373515973 0.004951420557318352 -6.023224043905657E-4 -0.0039824686529146055 0.001703981012692248 6.611277217931967E-4 -0.0026435837507610533 7.660127334097431E-4 -8.006517635510486E-5 0.001492465933268508 -0.0030043653348132723 -5.385500623208298E-4 0.0018819413408850368
or 0.00153733777541092 0.009414632816280499 0.004944030426346594 0.004957812170940912 0.0012988375119939494 0.0022195387044801284 0.0011183073017904921 -0.0014178412064107936 0.001539910853027262 8.527984020719444E-4 0.001128288536868213 1.9237520569314847E-4 0.0014429818184498381 -0.0016617078856818982 2.9156830599794104E-4 0.0029309003290562178 -0.0017443072876991942 -0.0010557651327843646 5.327823630709958E-4 -0.0010813876523274363
Mercosur 0.020049120427203387 -0.02197851610867502 0.002143019471426694 -0.0033213928822884986 0.0019367291766323532 -0.0018622725861380462 -0.0023172231680561235 -0.0019136828698864841 -1.3618509209642444E-4 5.968172335094718E-5 -0.0022583088902560157 0.002652835100100229 0.002581924494691313 -0.0018081339064227116 -4.24276780058445E-4 0.0010289735811509393 8.145758377637449E-4 9.645559061085121E-4 -0.001605992147723079 -0.010201652392456623
year -0.0034251044571879485 0.014473366146954393 0.004094974712335489 0.004181689925962431 -0.0014216559263302434 -4.3409080790681224E-5 0.001318214593476327 -0.001983057739011553 0.0014821885869129242 2.9062487223381785E-4 -3.0728702802895703E-4 1.5718320982533528E-4 1.971327727971647E-4 2.119584941641026E-4 0.001051240833603489 -3.5766969659163146E-4 5.748918951892825E-4 -6.010750854433537E-4 -9.410516736261521E-4 4.793033287009472E-4
We 0.021028549360418248 0.0010318647923769828 -0.00196738566411491 1.8372316422391515E-4 0.0032123437936899396 0.00853692998445014 0.008301025465451242 0.007888721187993905 -0.003744749036267517 0.004649810450737903 -0.001046164092553629 -0.007393651460328775 -0.005792117357892369 -0.006599432305949269 0.004079562247047926 -0.004900460948443047 0.002597809027708627 0.0014467805975479744 -0.0012219165416867369 -0.0010893794057910205
rates 0.007981451828526996 -0.007465318724008949 -0.0017901252801085774 0.0010777562850289438 -0.003963732946965669 -0.007941992139730163 -0.003991857333717806 0.004456203104997841 -0.00173408074008165 -8.764916587766694E-4 -0.0026227072151204017 2.701294370445367E-4 -5.05365938125892E-4 0.001800621936191664 -0.0016933426066543277 -3.749171572666183E-4 0.00117541802276981 0.0028304920205516034 -9.425166026017384E-4 -0.0011633230296693292
Argentina 0.008683552645674237 0.009338994354715914 0.0047172550916994216 0.0026883125493466315 -0.0016475581855212727 -0.001932562112946511 -7.521314862071649E-4 -4.4607136561359813E-4 0.001236848287939132 4.341832124632346E-4 -0.0023833874440305283 -6.132841374662366E-4 -8.453892023508215E-4 0.0015530697645475939 -0.0019859421720852216 -4.702211921332172E-4 0.004990565072146089 -2.309040984599215E-4 0.008146976887803917 0.0014324153789810274
one -0.0034251044571879485 0.014473366146954393 0.004094974712335489 0.004181689925962431 -0.0014216559263302434 -4.3409080790681224E-5 0.001318214593476327 -0.001983057739011553 0.0014821885869129242 2.9062487223381785E-4 -3.0728702802895703E-4 1.5718320982533528E-4 1.971327727971647E-4 2.119584941641026E-4 0.001051240833603489 -3.5766969659163146E-4 5.748918951892825E-4 -6.010750854433537E-4 -9.410516736261521E-4 4.793033287009472E-4
its -0.006662472761447484 0.0072366121247194005 0.0026510441389653097 0.005620783359898481 -0.007122819661161268 6.657861355235659E-6 0.012950247665263126 0.0020300327253860574 -0.009955632120489511 -0.023627903972388765 0.0035936266024000968 0.0012705619149273248 -4.123678137211083E-4 -0.0037647291218965225 -0.0023405309210394 6.890261824816238E-4 9.301340956259185E-4 0.001390172829575692 4.7799250200497746E-4 -0.0010632872818153837
% 0.0 0.0 0.0 0.0 0.0 0.0 0.0 0.0 0.0 0.0 0.0 0.0 0.0 0.0 0.0 0.0 0.0 0.0 0.0 0.0
8 5.607671212585277E-4 0.0031556514358017443 0.0039457762070953546 0.002369284290693359 -0.0026853916144121146 -0.002592499111487146 -0.0026464137526521483 0.002184457272361634 -8.091263463932875E-4 1.892109920403697E-4 -0.002928861845410343 -0.0015603030746900624 -0.0017208813350500151 -0.0014316276591284291 -2.2785665122449132E-4 2.8354567377669276E-4 0.0013162448157417862 9.539332881477757E-4 -0.002450347758761251 -0.002281189958888011
markets -0.0017285826636313014 -0.007108500980629108 -4.4280280645914003E-4 -6.52278188540174E-4 -1.870413514005354E-4 -5.4917867920235216E-5 2.2288892880047116E-4 2.0540717374924316E-4 -1.3988891272809334E-4 1.3525543217564093E-4 -6.485509823035468E-5 1.6466760254596176E-4 3.401010163077623E-4 1.4518548353925745E-4 1.42510611896449E-4 -4.3280182786793395E-4 1.298816026108505E-5 -5.8611245335994635E-5 -1.0574934132715371E-5 -1.799952451157285E-4
