<OOV> 3.951909550312198E-5 2.1862921166477646E-5 8.278462139486481E-4 3.8265615785097386E-5 4.269466639316683E-4 -2.0622888030439294E-5 2.1851060318436925E-4 -2.986712606945547E-4 1.0234635551743611E-4 4.365415619159429E-5 -1.0531635991417143E-4 -8.729931908493547E-5 4.599810882172385E-18 1.4373277863008962E-17 9.529820215560841E-18
, -0.015142911826482221 -0.002999047012606712 -0.0019802879668826914 -0.0012482740457712917 -0.0025832923223277978 0.0021653419258639197 5.774984379660877E-4 1.211356039957088E-4 -0.002265872813930471 -0.006526207382465618 -1.0238053492401118E-4 9.44681673633016E-4 9.984338391475684E-19 1.3525919914758962E-18 1.2724405438162235E-20
. -0.018496759160736228 9.21017959881846E-4 -2.7720058098176217E-4 -0.002245909272632606 2.8022036053285045E-4 1.501269927393158E-4 9.195504567604599E-5 -3.43007886088216E-5 -8.195236966811833E-5 1.5484715106656666E-5 3.0135283737774604E-5 -3.107854137692592E-6 -4.688905984898242E-19 8.093787790934356E-18 1.8770318622863672E-17
MORTGAGE -0.026557650135056895 -0.010632829133675982 -0.012976004920603383 0.01819718692449031 -0.03847269024999361 0.03424492120295813 0.009545027482724887 0.003568056747024702 0.0057687499226739235 0.005144143912075598 3.2214261207157976E-4 9.726746693896991E-5 5.039081653022807E-19 4.57808020474605E-19 -4.311778974197753E-19
Drexel 0.03164486325111961 0.002008304324937257 0.0012535147229438624 -5.231256174816223E-4 0.0022952589036984053 -7.636524159546185E-4 -2.8862221471316407E-4 5.194090826642309E-4 -7.682202777772279E-4 0.0010215977104180674 4.533123387595679E-4 4.0701037114774547E-5 -2.47559408574263E-18 4.662614927561275E-18 -1.0675195049639267E-18
by -0.017322266562542356 7.327170565763467E-4 -1.1032122926499562E-4 -0.003427216538382327 0.0010357012980553681 7.387959656758907E-5 7.53005398114347E-5 1.2356558436736747E-4 -3.3361855832424176E-4 1.6122187730077656E-4 2.11934501187839E-4 2.979311088708184E-6 -3.007564089303354E-18 -5.051874535037623E-18 -4.554313002395437E-18
equaling -0.018495334298999112 0.002424897644210261 -6.569098447313726E-5 -0.004667997414584214 0.001382871893168187 1.7888462967787452E-4 9.872816664293503E-5 2.4502423275326023E-4 -8.925384220250613E-4 2.648150892327227E-4 3.4179794742594983E-4 5.828268401183359E-6 9.230210167649895E-18 -3.506373043031448E-18 -1.3976492199678473E-18
% -0.027739139232207204 0.006444109069351831 7.044095406086843E-4 0.010881214648922551 0.005805626341766552 1.6824868980844685E-4 -1.4816262632758674E-4 8.78971258491815E-4 -1.57127990139961E-4 3.189754272554268E-4 1.8229989174946366E-4 1.292399480566698E-5 -4.8813456942227646E-18 4.980208126283829E-18 7.311810225890691E-18
Mac -0.015321422289891647 0.0015751928890861803 -0.00488028255356007 -0.0023323379063443527 -0.0038807828195388133 -0.0013386882937938137 -0.008425602302471713 0.01226744139435043 4.2059652740896255E-4 -6.908492963725459E-5 -3.504283216672956E-5 -1.3697650364097369E-5 7.759311455915585E-18 -4.905520873560135E-18 1.9339769540139794E-18
: -0.009130970100364793 3.862322237953063E-4 -5.815288907009474E-5 -0.0018065656492733135 5.459422732763088E-4 3.894365583452161E-5 3.969266810882124E-5 6.513429707474595E-5 -1.7585811129201218E-4 8.498380600731515E-5 1.1171561103709908E-4 1.570464256076566E-6 1.000456078854997E-18 -2.2654000605197627E-18 -1.6101835502973656E-18
Systems -0.06990132637916258 0.0027611587904858 -0.0014350372808078814 -0.008791944186987548 3.786745264899976E-4 0.0011519677719485505 4.976234365875299E-4 -5.013698046429272E-5 -9.861277551618097E-4 -5.328314403693519E-4 2.1215106254195382E-4 -3.0672541797002235E-5 -8.63219126015245E-18 -1.4587600928734357E-17 1.2928842184388765E-17
Posted 0.015845872265005088 0.001005639795301908 6.276858908963297E-4 -2.6195030919820377E-4 0.0011493296436297408 -3.823918764335696E-4 -1.445249015897024E-4 2.6008928880075243E-4 -3.846791909462279E-4 5.115555942537908E-4 2.2699195629738282E-4 2.0380667473768905E-5 1.8725387438740434E-18 -6.5617164116633425E-19 -1.2654539087107597E-18
Burnham -0.03952145615314218 0.02773400393732485 0.010401694875655367 -0.011898085263955107 0.008034531919851706 -0.0051186109446217124 -0.0013976830157554911 -1.2596884965952398E-4 0.001650064055429915 0.007629941044177548 -2.4815259837550867E-4 2.2696590354751486E-4 1.1270096647781288E-17 -5.065144519682534E-19 -4.0551249677206307E-19
mortgages 0.008228009929013768 -0.0012771132327898094 1.6715252871436964E-5 -0.0019296779402368214 -6.819848983868554E-4 -1.1759284704635237E-4 -5.506739036863359E-6 -8.328829693283786E-5 -2.3533918672280134E-5 3.643258789202086E-5 3.2440439455289014E-5 1.8817866415035355E-6 -1.408907993113496E-18 2.8056781755322946E-18 3.5388279301524745E-21
rate -0.026973312009421345 -0.049946303062446705 -0.020012682718420348 0.0018008154782751845 0.005287956078843287 -0.00314488247547276 -6.545635225193668E-4 -5.868450681258329E-4 2.8744883497381724E-4 0.0015880084696830545 1.2599031521981027E-5 3.669208349819412E-5 -1.426775040312633E-17 9.474837738575084E-18 1.0527190207159802E-18
Telerate 0.0050027797018906 -2.5594769145570337E-4 1.0202206346641555E-4 4.2662571947145846E-4 4.3372292453101284E-5 -5.918950205969023E-5 -2.875758893752164E-5 2.9851312465859366E-5 -3.170058420235439E-6 2.5720729739306066E-5 1.6056255163491654E-5 1.965247324969783E-6 -1.1767909249994985E-18 -2.3271802951705486E-19 2.1624642842427596E-19
yields -0.03332804086633151 0.0014097476168528585 -2.122580451058504E-4 -0.006593964619847598 0.001992689297458527 1.421443437960007E-4 1.4487823859719344E-4 2.3774018432282223E-4 -6.418821062158512E-4 3.101908919266977E-4 4.077619802854116E-4 5.732194534678013E-6 -9.941259242097471E-19 -1.1469634120502507E-18 -4.90273352751684E-18
LYNCH -0.04506022872290932 0.012873430543946116 -0.010175886916940408 0.018110830312111394 -0.03733890596426302 -0.03726347125618454 0.016705630352902952 0.0023686625573793763 9.579334196790832E-4 4.44592054900639E-4 3.105277271715459E-4 2.153790129593587E-5 5.864656396505924E-20 1.3396499743659046E-19 7.290552952194137E-20
triple-A -0.03072495299675189 0.010531410257614286 -0.007857822054898413 0.013074654541015616 -0.022257184300365336 -0.004137166291976995 -0.033767008205157344 -0.024793131327657314 0.0014385256212500219 3.9853549452578566E-4 2.943218228417573E-4 1.9617250046682014E-5 5.450312947540665E-20 1.23911098103233E-19 6.794589535567701E-20
CORP 0.001301639318246138 -4.490954078226894E-5 0.0023660563039219584 -0.001720024876569683 0.00339219271326689 -0.0012543032598421634 1.400261193590791E-4 -1.4444559506915751E-4 0.008582130916769584 -6.152210492637454E-4 1.4200271603861174E-4 1.1529051789871988E-5 -3.6214721079398965E-19 -5.636738467593082E-19 -6.841322123809557E-19
ASSOCIATION -0.002984028327143659 6.918403351276095E-4 1.5877947690104955E-4 -0.001736899384316294 8.860710790896684E-4 -9.352117234732652E-5 -1.2557594637224963E-5 1.472151810509599E-4 -2.902997534983157E-4 2.501977360423277E-4 1.7855028032171932E-4 8.311523906066776E-6 -2.11773633074567E-19 -5.716986024972635E-19 -1.329567281388763E-19
percent 0.030168102966067378 0.001914583456440189 0.0011950173692064823 -4.987130886658145E-4 0.002188146821525844 -7.280153032100622E-4 -2.7515317802654943E-4 4.95169992139898E-4 -7.323699981476283E-4 9.739231505985617E-4 4.3215776295078996E-4 3.8801655382752656E-5 -1.8925427981504365E-18 -9.664573818240473E-19 3.342721022871958E-18
manager -0.06837313205454712 0.022675195232487882 0.002731864488018875 0.04904591600867513 0.019911574715882265 9.121378356840887E-4 -6.303492268138792E-4 0.0032462706357230635 -4.844359311712487E-4 4.7076300719037424E-4 3.777786267323248E-4 3.0946921986145794E-5 2.0773042656967046E-18 1.0446276670649951E-19 -9.668353411995843E-19
Bonds 0.030559896511081243 0.0019394481766536946 0.0012105370753000733 -5.05189882025112E-4 0.0022165643127144957 -7.374700474076011E-4 -2.7872659592299826E-4 5.016007712585985E-4 -7.418812968248683E-4 9.865715032037377E-4 4.3777020143066645E-4 3.9305572985125876E-5 2.7499976414389274E-18 2.9163083234108083E-19 6.1138121330147685E-18
change -0.047001083273031596 0.001988105613510445 -2.9933826873901776E-4 -0.009299180874144043 0.002810202855390229 2.0045997202001463E-4 2.0431546468835263E-4 3.352746189167997E-4 -9.052183549197933E-4 4.3744869374277157E-4 5.750489465563525E-4 8.08386408736496E-6 -3.793852459335757E-18 1.7238221275144558E-18 -4.249982812400292E-18
five-cent 0.030168102966067378 0.0019145834564401904 0.0011950173692064823 -4.987130886658149E-4 0.0021881468215258423 -7.280153032100651E-4 -2.7515317802655117E-4 4.951699921398971E-4 -7.323699981476302E-4 9.739231505985615E-4 4.3215776295078877E-4 3.88016553827524E-5 -1.2647765654690288E-18 1.8941727453810604E-18 2.5989129132936986E-18
where -0.047001083273031596 0.001988105613510445 -2.9933826873901776E-4 -0.009299180874144043 0.002810202855390229 2.0045997202001463E-4 2.0431546468835263E-4 3.352746189167997E-4 -9.052183549197933E-4 4.3744869374277157E-4 5.750489465563525E-4 8.08386408736496E-6 -3.793852459335748E-18 1.7238221275144597E-18 -4.249982812400289E-18
Commodities 0.030559896511081246 0.0019394481766536937 0.0012105370753000722 -5.051898820251122E-4 0.0022165643127144965 -7.37470047407601E-4 -2.7872659592299766E-4 5.016007712585987E-4 -7.418812968248685E-4 9.865715032037381E-4 4.3777020143066607E-4 3.9305572985125564E-5 4.4039205935768385E-18 -9.256276324637473E-19 6.358401951380183E-18
adjustable 0.006503613612457778 -3.3273199889241595E-4 1.3262868250633997E-4 5.546134353128956E-4 5.63839801890319E-5 -7.694635267759732E-5 -3.738486561877894E-5 3.880670620561647E-5 -4.121075946305228E-6 3.343694866109808E-5 2.0873131712538854E-5 2.55482152246066E-6 -3.138953041047507E-19 2.658583615241215E-19 7.07121389860083E-19
capital -0.06490837449493672 0.0025639331625939587 -0.0013325346178930325 -0.008163948173631296 3.5162634602642747E-4 0.0010696843596665125 4.620789054027063E-4 -4.6555767573988626E-5 -9.156900583645307E-4 -4.947720517715414E-4 1.9699741521753098E-4 -2.848164595435592E-5 2.3864974460164264E-18 6.01419344459152E-18 9.157711439769394E-19
calculated 0.03291065778116441 0.002088636497934743 0.0013036553118616152 -5.44050642180888E-4 0.0023870692598463735 -7.941985125927986E-4 -3.0016710330169185E-4 5.401854459707962E-4 -7.989490888883225E-4 0.0010624616188347948 4.7144483230994775E-4 4.232907859936527E-5 1.6194471494619191E-18 9.770686249272853E-19 -7.132390793271839E-18
syndicate 0.030559896511081243 0.0019394481766536946 0.0012105370753000733 -5.05189882025112E-4 0.0022165643127144957 -7.374700474076011E-4 -2.7872659592299826E-4 5.016007712585985E-4 -7.418812968248683E-4 9.865715032037377E-4 4.3777020143066645E-4 3.9305572985125876E-5 2.7499976414389293E-18 2.9163083234108285E-19 6.113812133014766E-18
of -0.009802364960685728 4.146316520155499E-4 -6.242883679583744E-5 -0.001939401358778705 5.860850874878034E-4 4.180715994000012E-5 4.261124664623067E-5 6.992358362435577E-5 -1.887888547693671E-4 9.123261527255743E-5 1.1992999420159214E-4 1.6859395690228776E-6 -1.4456249726484032E-19 4.92592020243271E-18 3.0631736254168E-19
Kidder 0.03291065778116441 0.0020886364979347412 0.0013036553118616152 -5.440506421808878E-4 0.0023870692598463757 -7.941985125927997E-4 -3.0016710330169104E-4 5.401854459707973E-4 -7.989490888883239E-4 0.0010624616188347942 4.7144483230994764E-4 4.2329078599364255E-5 3.47896919479677E-18 -4.51057342184146E-19 -7.83128600143361E-18
Markets 0.01654539666574385 -8.464806234053609E-4 3.3741152105331044E-4 0.001410953945023022 1.434426110484179E-4 -1.957539304909528E-4 -9.51082686974792E-5 9.872547566986694E-5 -1.0484146243048228E-5 8.506464434330274E-5 5.310190063855255E-5 6.499545947552337E-6 -2.038349949509014E-18 1.780102437359484E-18 2.1355143338146526E-18
offerings 0.03055989651108125 0.001939448176653696 0.0012105370753000724 -5.051898820251126E-4 0.002216564312714497 -7.374700474076001E-4 -2.7872659592299707E-4 5.016007712585982E-4 -7.418812968248686E-4 9.865715032037366E-4 4.3777020143066504E-4 3.9305572985125523E-5 2.7024820219528E-18 -7.95519675091574E-19 5.5285878704915886E-18
Sears 0.030168102966067378 0.0019145834564401882 0.0011950173692064831 -4.98713088665815E-4 0.0021881468215258436 -7.280153032100619E-4 -2.751531780265503E-4 4.951699921398984E-4 -7.323699981476281E-4 9.739231505985608E-4 4.3215776295078937E-4 3.880165538275199E-5 -2.3263014187011616E-18 -1.4934955907416298E-18 3.558725107772581E-18
READY -0.0019415306412855252 1.6828489600771514E-4 9.970047685445439E-5 -7.278424133441715E-4 4.6598540126037533E-4 -1.1331829016742359E-4 -2.089161510289944E-5 4.6674556307079355E-5 3.2223778299533845E-6 1.648067193285411E-4 6.17111159693235E-5 5.388194156254797E-6 -1.785497733004185E-19 -3.479226753479108E-19 -8.434361790154874E-20
listed -0.047001083273031596 0.001988105613510445 -2.9933826873901776E-4 -0.009299180874144043 0.002810202855390229 2.0045997202001463E-4 2.0431546468835263E-4 3.352746189167997E-4 -9.052183549197933E-4 4.3744869374277157E-4 5.750489465563525E-4 8.08386408736496E-6 -3.7938524593357545E-18 1.7238221275144593E-18 -4.249982812400291E-18
Geneva 0.0065821315562328815 4.177272995869458E-4 2.607310623723233E-4 -1.0881012843617723E-4 4.774138519692746E-4 -1.588397025185559E-4 -6.003342066033724E-5 1.0803708919416081E-4 -1.5978981777766552E-4 2.1249232376695752E-4 9.428896646198914E-5 8.465815719871954E-6 -3.706850660155281E-18 4.3357798282742514E-19 -5.0700927906530386E-20
Annualized 0.0 0.0 0.0 0.0 0.0 0.0 0.0 0.0 0.0 0.0 0.0 0.0 0.0 0.0 0.0
<OOV> -0.015142911826482221 -0.002999047012606712 -0.0019802879668826914 -0.0012482740457712917 -0.0025832923223277978 0.0021653419258639197 5.774984379660877E-4 1.211356039957088E-4 -0.002265872813930471 -0.006526207382465618 -1.0238053492401118E-4 9.44681673633016E-4 9.984338391475684E-19 1.3525919914758962E-18 1.2724405438162235E-20
, -0.018496759160736228 9.21017959881846E-4 -2.7720058098176217E-4 -0.002245909272632606 2.8022036053285045E-4 1.501269927393158E-4 9.195504567604599E-5 -3.43007886088216E-5 -8.195236966811833E-5 1.5484715106656666E-5 3.0135283737774604E-5 -3.107854137692592E-6 -4.688905984898242E-19 8.093787790934356E-18 1.8770318622863672E-17
. -0.026557650135056895 -0.010632829133675982 -0.012976004920603383 0.01819718692449031 -0.03847269024999361 0.03424492120295813 0.009545027482724887 0.003568056747024702 0.0057687499226739235 0.005144143912075598 3.2214261207157976E-4 9.726746693896991E-5 5.039081653022807E-19 4.57808020474605E-19 -4.311778974197753E-19
MORTGAGE 0.03164486325111961 0.002008304324937257 0.0012535147229438624 -5.231256174816223E-4 0.0022952589036984053 -7.636524159546185E-4 -2.8862221471316407E-4 5.194090826642309E-4 -7.682202777772279E-4 0.0010215977104180674 4.533123387595679E-4 4.0701037114774547E-5 -2.47559408574263E-18 4.662614927561275E-18 -1.0675195049639267E-18
Drexel -0.017322266562542356 7.327170565763467E-4 -1.1032122926499562E-4 -0.003427216538382327 0.0010357012980553681 7.387959656758907E-5 7.53005398114347E-5 1.2356558436736747E-4 -3.3361855832424176E-4 1.6122187730077656E-4 2.11934501187839E-4 2.979311088708184E-6 -3.007564089303354E-18 -5.051874535037623E-18 -4.554313002395437E-18
by -0.018495334298999112 0.002424897644210261 -6.569098447313726E-5 -0.004667997414584214 0.001382871893168187 1.7888462967787452E-4 9.872816664293503E-5 2.4502423275326023E-4 -8.925384220250613E-4 2.648150892327227E-4 3.4179794742594983E-4 5.828268401183359E-6 9.230210167649895E-18 -3.506373043031448E-18 -1.3976492199678473E-18
equaling -0.027739139232207204 0.006444109069351831 7.044095406086843E-4 0.010881214648922551 0.005805626341766552 1.6824868980844685E-4 -1.4816262632758674E-4 8.78971258491815E-4 -1.57127990139961E-4 3.189754272554268E-4 1.8229989174946366E-4 1.292399480566698E-5 -4.8813456942227646E-18 4.980208126283829E-18 7.311810225890691E-18
% -0.015321422289891647 0.0015751928890861803 -0.00488028255356007 -0.0023323379063443527 -0.0038807828195388133 -0.0013386882937938137 -0.008425602302471713 0.01226744139435043 4.2059652740896255E-4 -6.908492963725459E-5 -3.504283216672956E-5 -1.3697650364097369E-5 7.759311455915585E-18 -4.905520873560135E-18 1.9339769540139794E-18
Mac -0.009130970100364793 3.862322237953063E-4 -5.815288907009474E-5 -0.0018065656492733135 5.459422732763088E-4 3.894365583452161E-5 3.969266810882124E-5 6.513429707474595E-5 -1.7585811129201218E-4 8.498380600731515E-5 1.1171561103709908E-4 1.570464256076566E-6 1.000456078854997E-18 -2.2654000605197627E-18 -1.6101835502973656E-18
: -0.06990132637916258 0.0027611587904858 -0.0014350372808078814 -0.008791944186987548 3.786745264899976E-4 0.0011519677719485505 4.976234365875299E-4 -5.013698046429272E-5 -9.861277551618097E-4 -5.328314403693519E-4 2.1215106254195382E-4 -3.0672541797002235E-5 -8.63219126015245E-18 -1.4587600928734357E-17 1.2928842184388765E-17
Systems 0.015845872265005088 0.001005639795301908 6.276858908963297E-4 -2.6195030919820377E-4 0.0011493296436297408 -3.823918764335696E-4 -1.445249015897024E-4 2.6008928880075243E-4 -3.846791909462279E-4 5.115555942537908E-4 2.2699195629738282E-4 2.0380667473768905E-5 1.8725387438740434E-18 -6.5617164116633425E-19 -1.2654539087107597E-18
Posted -0.03952145615314218 0.02773400393732485 0.010401694875655367 -0.011898085263955107 0.008034531919851706 -0.0051186109446217124 -0.0013976830157554911 -1.2596884965952398E-4 0.001650064055429915 0.007629941044177548 -2.4815259837550867E-4 2.2696590354751486E-4 1.1270096647781288E-17 -5.065144519682534E-19 -4.0551249677206307E-19
Burnham 0.008228009929013768 -0.0012771132327898094 1.6715252871436964E-5 -0.0019296779402368214 -6.819848983868554E-4 -1.1759284704635237E-4 -5.506739036863359E-6 -8.328829693283786E-5 -2.3533918672280134E-5 3.643258789202086E-5 3.2440439455289014E-5 1.8817866415035355E-6 -1.408907993113496E-18 2.8056781755322946E-18 3.5388279301524745E-21
mortgages -0.026973312009421345 -0.049946303062446705 -0.020012682718420348 0.0018008154782751845 0.005287956078843287 -0.00314488247547276 -6.545635225193668E-4 -5.868450681258329E-4 2.8744883497381724E-4 0.0015880084696830545 1.2599031521981027E-5 3.669208349819412E-5 -1.426775040312633E-17 9.474837738575084E-18 1.0527190207159802E-18
rate 0.0050027797018906 -2.5594769145570337E-4 1.0202206346641555E-4 4.2662571947145846E-4 4.3372292453101284E-5 -5.918950205969023E-5 -2.875758893752164E-5 2.9851312465859366E-5 -3.170058420235439E-6 2.5720729739306066E-5 1.6056255163491654E-5 1.965247324969783E-6 -1.1767909249994985E-18 -2.3271802951705486E-19 2.1624642842427596E-19
Telerate -0.03332804086633151 0.0014097476168528585 -2.122580451058504E-4 -0.006593964619847598 0.001992689297458527 1.421443437960007E-4 1.4487823859719344E-4 2.3774018432282223E-4 -6.418821062158512E-4 3.101908919266977E-4 4.077619802854116E-4 5.732194534678013E-6 -9.941259242097471E-19 -1.1469634120502507E-18 -4.90273352751684E-18
yields -0.04506022872290932 0.012873430543946116 -0.010175886916940408 0.018110830312111394 -0.03733890596426302 -0.03726347125618454 0.016705630352902952 0.0023686625573793763 9.579334196790832E-4 4.44592054900639E-4 3.105277271715459E-4 2.153790129593587E-5 5.864656396505924E-20 1.3396499743659046E-19 7.290552952194137E-20
LYNCH -0.03072495299675189 0.010531410257614286 -0.007857822054898413 0.013074654541015616 -0.022257184300365336 -0.004137166291976995 -0.033767008205157344 -0.024793131327657314 0.0014385256212500219 3.9853549452578566E-4 2.943218228417573E-4 1.9617250046682014E-5 5.450312947540665E-20 1.23911098103233E-19 6.794589535567701E-20
triple-A 0.001301639318246138 -4.490954078226894E-5 0.0023660563039219584 -0.001720024876569683 0.00339219271326689 -0.0012543032598421634 1.400261193590791E-4 -1.4444559506915751E-4 0.008582130916769584 -6.152210492637454E-4 1.4200271603861174E-4 1.1529051789871988E-5 -3.6214721079398965E-19 -5.636738467593082E-19 -6.841322123809557E-19
CORP -0.002984028327143659 6.918403351276095E-4 1.5877947690104955E-4 -0.001736899384316294 8.860710790896684E-4 -9.352117234732652E-5 -1.2557594637224963E-5 1.472151810509599E-4 -2.902997534983157E-4 2.501977360423277E-4 1.7855028032171932E-4 8.311523906066776E-6 -2.11773633074567E-19 -5.716986024972635E-19 -1.329567281388763E-19
ASSOCIATION 0.030168102966067378 0.001914583456440189 0.0011950173692064823 -4.987130886658145E-4 0.002188146821525844 -7.280153032100622E-4 -2.7515317802654943E-4 4.95169992139898E-4 -7.323699981476283E-4 9.739231505985617E-4 4.3215776295078996E-4 3.8801655382752656E-5 -1.8925427981504365E-18 -9.664573818240473E-19 3.342721022871958E-18
percent -0.06837313205454712 0.022675195232487882 0.002731864488018875 0.04904591600867513 0.019911574715882265 9.121378356840887E-4 -6.303492268138792E-4 0.0032462706357230635 -4.844359311712487E-4 4.7076300719037424E-4 3.777786267323248E-4 3.0946921986145794E-5 2.0773042656967046E-18 1.0446276670649951E-19 -9.668353411995843E-19
manager 0.030559896511081243 0.0019394481766536946 0.0012105370753000733 -5.05189882025112E-4 0.0022165643127144957 -7.374700474076011E-4 -2.7872659592299826E-4 5.016007712585985E-4 -7.418812968248683E-4 9.865715032037377E-4 4.3777020143066645E-4 3.9305572985125876E-5 2.7499976414389274E-18 2.9163083234108083E-19 6.1138121330147685E-18
Bonds -0.047001083273031596 0.001988105613510445 -2.9933826873901776E-4 -0.009299180874144043 0.002810202855390229 2.0045997202001463E-4 2.0431546468835263E-4 3.352746189167997E-4 -9.052183549197933E-4 4.3744869374277157E-4 5.750489465563525E-4 8.08386408736496E-6 -3.793852459335757E-18 1.7238221275144558E-18 -4.249982812400292E-18
change 0.030168102966067378 0.0019145834564401904 0.0011950173692064823 -4.987130886658149E-4 0.0021881468215258423 -7.280153032100651E-4 -2.7515317802655117E-4 4.951699921398971E-4 -7.323699981476302E-4 9.739231505985615E-4 4.3215776295078877E-4 3.88016553827524E-5 -1.2647765654690288E-18 1.8941727453810604E-18 2.5989129132936986E-18
five-cent -0.047001083273031596 0.001988105613510445 -2.9933826873901776E-4 -0.009299180874144043 0.002810202855390229 2.0045997202001463E-4 2.0431546468835263E-4 3.352746189167997E-4 -9.052183549197933E-4 4.3744869374277157E-4 5.750489465563525E-4 8.08386408736496E-6 -3.793852459335748E-18 1.7238221275144597E-18 -4.249982812400289E-18
where 0.030559896511081246 0.0019394481766536937 0.0012105370753000722 -5.051898820251122E-4 0.0022165643127144965 -7.37470047407601E-4 -2.7872659592299766E-4 5.016007712585987E-4 -7.418812968248685E-4 9.865715032037381E-4 4.3777020143066607E-4 3.9305572985125564E-5 4.4039205935768385E-18 -9.256276324637473E-19 6.358401951380183E-18
Commodities 0.006503613612457778 -3.3273199889241595E-4 1.3262868250633997E-4 5.546134353128956E-4 5.63839801890319E-5 -7.694635267759732E-5 -3.738486561877894E-5 3.880670620561647E-5 -4.121075946305228E-6 3.343694866109808E-5 2.0873131712538854E-5 2.55482152246066E-6 -3.138953041047507E-19 2.658583615241215E-19 7.07121389860083E-19
adjustable -0.06490837449493672 0.0025639331625939587 -0.0013325346178930325 -0.008163948173631296 3.5162634602642747E-4 0.0010696843596665125 4.620789054027063E-4 -4.6555767573988626E-5 -9.156900583645307E-4 -4.947720517715414E-4 1.9699741521753098E-4 -2.848164595435592E-5 2.3864974460164264E-18 6.01419344459152E-18 9.157711439769394E-19
capital 0.03291065778116441 0.002088636497934743 0.0013036553118616152 -5.44050642180888E-4 0.0023870692598463735 -7.941985125927986E-4 -3.0016710330169185E-4 5.401854459707962E-4 -7.989490888883225E-4 0.0010624616188347948 4.7144483230994775E-4 4.232907859936527E-5 1.6194471494619191E-18 9.770686249272853E-19 -7.132390793271839E-18
calculated 0.030559896511081243 0.0019394481766536946 0.0012105370753000733 -5.05189882025112E-4 0.0022165643127144957 -7.374700474076011E-4 -2.7872659592299826E-4 5.016007712585985E-4 -7.418812968248683E-4 9.865715032037377E-4 4.3777020143066645E-4 3.9305572985125876E-5 2.7499976414389293E-18 2.9163083234108285E-19 6.113812133014766E-18
syndicate -0.009802364960685728 4.146316520155499E-4 -6.242883679583744E-5 -0.001939401358778705 5.860850874878034E-4 4.180715994000012E-5 4.261124664623067E-5 6.992358362435577E-5 -1.887888547693671E-4 9.123261527255743E-5 1.1992999420159214E-4 1.6859395690228776E-6 -1.4456249726484032E-19 4.92592020243271E-18 3.0631736254168E-19
of 0.03291065778116441 0.0020886364979347412 0.0013036553118616152 -5.440506421808878E-4 0.0023870692598463757 -7.941985125927997E-4 -3.0016710330169104E-4 5.401854459707973E-4 -7.989490888883239E-4 0.0010624616188347942 4.7144483230994764E-4 4.2329078599364255E-5 3.47896919479677E-18 -4.51057342184146E-19 -7.83128600143361E-18
Kidder 0.01654539666574385 -8.464806234053609E-4 3.3741152105331044E-4 0.001410953945023022 1.434426110484179E-4 -1.957539304909528E-4 -9.51082686974792E-5 9.872547566986694E-5 -1.0484146243048228E-5 8.506464434330274E-5 5.310190063855255E-5 6.499545947552337E-6 -2.038349949509014E-18 1.780102437359484E-18 2.1355143338146526E-18
Markets 0.03055989651108125 0.001939448176653696 0.0012105370753000724 -5.051898820251126E-4 0.002216564312714497 -7.374700474076001E-4 -2.7872659592299707E-4 5.016007712585982E-4 -7.418812968248686E-4 9.865715032037366E-4 4.3777020143066504E-4 3.9305572985125523E-5 2.7024820219528E-18 -7.95519675091574E-19 5.5285878704915886E-18
offerings 0.030168102966067378 0.0019145834564401882 0.0011950173692064831 -4.98713088665815E-4 0.0021881468215258436 -7.280153032100619E-4 -2.751531780265503E-4 4.951699921398984E-4 -7.323699981476281E-4 9.739231505985608E-4 4.3215776295078937E-4 3.880165538275199E-5 -2.3263014187011616E-18 -1.4934955907416298E-18 3.558725107772581E-18
Sears -0.0019415306412855252 1.6828489600771514E-4 9.970047685445439E-5 -7.278424133441715E-4 4.6598540126037533E-4 -1.1331829016742359E-4 -2.089161510289944E-5 4.6674556307079355E-5 3.2223778299533845E-6 1.648067193285411E-4 6.17111159693235E-5 5.388194156254797E-6 -1.785497733004185E-19 -3.479226753479108E-19 -8.434361790154874E-20
READY -0.047001083273031596 0.001988105613510445 -2.9933826873901776E-4 -0.009299180874144043 0.002810202855390229 2.0045997202001463E-4 2.0431546468835263E-4 3.352746189167997E-4 -9.052183549197933E-4 4.3744869374277157E-4 5.750489465563525E-4 8.08386408736496E-6 -3.7938524593357545E-18 1.7238221275144593E-18 -4.249982812400291E-18
listed 0.0065821315562328815 4.177272995869458E-4 2.607310623723233E-4 -1.0881012843617723E-4 4.774138519692746E-4 -1.588397025185559E-4 -6.003342066033724E-5 1.0803708919416081E-4 -1.5978981777766552E-4 2.1249232376695752E-4 9.428896646198914E-5 8.465815719871954E-6 -3.706850660155281E-18 4.3357798282742514E-19 -5.0700927906530386E-20
Geneva 0.0 0.0 0.0 0.0 0.0 0.0 0.0 0.0 0.0 0.0 0.0 0.0 0.0 0.0 0.0
Annualized 0.004663830472368618 -1.1670700701076329E-4 2.081757005729562E-5 2.4719140876830497E-4 -5.336837863287919E-4 3.1666676951935563E-4 -1.3331837050255386E-5 1.8311265412947352E-4 -1.933115415292501E-4 -2.6079708325359955E-4 -1.020458318831514E-4 -3.9146014695562124E-5 1.9287541626311322E-19 1.7874265897039972E-19 7.0211494060989955E-19
<OOV> -0.018496759160736228 9.21017959881846E-4 -2.7720058098176217E-4 -0.002245909272632606 2.8022036053285045E-4 1.501269927393158E-4 9.195504567604599E-5 -3.43007886088216E-5 -8.195236966811833E-5 1.5484715106656666E-5 3.0135283737774604E-5 -3.107854137692592E-6 -4.688905984898242E-19 8.093787790934356E-18 1.8770318622863672E-17
, -0.026557650135056895 -0.010632829133675982 -0.012976004920603383 0.01819718692449031 -0.03847269024999361 0.03424492120295813 0.009545027482724887 0.003568056747024702 0.0057687499226739235 0.005144143912075598 3.2214261207157976E-4 9.726746693896991E-5 5.039081653022807E-19 4.57808020474605E-19 -4.311778974197753E-19
. 0.03164486325111961 0.002008304324937257 0.0012535147229438624 -5.231256174816223E-4 0.0022952589036984053 -7.636524159546185E-4 -2.8862221471316407E-4 5.194090826642309E-4 -7.682202777772279E-4 0.0010215977104180674 4.533123387595679E-4 4.0701037114774547E-5 -2.47559408574263E-18 4.662614927561275E-18 -1.0675195049639267E-18
MORTGAGE -0.017322266562542356 7.327170565763467E-4 -1.1032122926499562E-4 -0.003427216538382327 0.0010357012980553681 7.387959656758907E-5 7.53005398114347E-5 1.2356558436736747E-4 -3.3361855832424176E-4 1.6122187730077656E-4 2.11934501187839E-4 2.979311088708184E-6 -3.007564089303354E-18 -5.051874535037623E-18 -4.554313002395437E-18
Drexel -0.018495334298999112 0.002424897644210261 -6.569098447313726E-5 -0.004667997414584214 0.001382871893168187 1.7888462967787452E-4 9.872816664293503E-5 2.4502423275326023E-4 -8.925384220250613E-4 2.648150892327227E-4 3.4179794742594983E-4 5.828268401183359E-6 9.230210167649895E-18 -3.506373043031448E-18 -1.3976492199678473E-18
by -0.027739139232207204 0.006444109069351831 7.044095406086843E-4 0.010881214648922551 0.005805626341766552 1.6824868980844685E-4 -1.4816262632758674E-4 8.78971258491815E-4 -1.57127990139961E-4 3.189754272554268E-4 1.8229989174946366E-4 1.292399480566698E-5 -4.8813456942227646E-18 4.980208126283829E-18 7.311810225890691E-18
equaling -0.015321422289891647 0.0015751928890861803 -0.00488028255356007 -0.0023323379063443527 -0.0038807828195388133 -0.0013386882937938137 -0.008425602302471713 0.01226744139435043 4.2059652740896255E-4 -6.908492963725459E-5 -3.504283216672956E-5 -1.3697650364097369E-5 7.759311455915585E-18 -4.905520873560135E-18 1.9339769540139794E-18
% -0.009130970100364793 3.862322237953063E-4 -5.815288907009474E-5 -0.0018065656492733135 5.459422732763088E-4 3.894365583452161E-5 3.969266810882124E-5 6.513429707474595E-5 -1.7585811129201218E-4 8.498380600731515E-5 1.1171561103709908E-4 1.570464256076566E-6 1.000456078854997E-18 -2.2654000605197627E-18 -1.6101835502973656E-18
Mac -0.06990132637916258 0.0027611587904858 -0.0014350372808078814 -0.008791944186987548 3.786745264899976E-4 0.0011519677719485505 4.976234365875299E-4 -5.013698046429272E-5 -9.861277551618097E-4 -5.328314403693519E-4 2.1215106254195382E-4 -3.0672541797002235E-5 -8.63219126015245E-18 -1.4587600928734357E-17 1.2928842184388765E-17
: 0.015845872265005088 0.001005639795301908 6.276858908963297E-4 -2.6195030919820377E-4 0.0011493296436297408 -3.823918764335696E-4 -1.445249015897024E-4 2.6008928880075243E-4 -3.846791909462279E-4 5.115555942537908E-4 2.2699195629738282E-4 2.0380667473768905E-5 1.8725387438740434E-18 -6.5617164116633425E-19 -1.2654539087107597E-18
Systems -0.03952145615314218 0.02773400393732485 0.010401694875655367 -0.011898085263955107 0.008034531919851706 -0.0051186109446217124 -0.0013976830157554911 -1.2596884965952398E-4 0.001650064055429915 0.007629941044177548 -2.4815259837550867E-4 2.2696590354751486E-4 1.1270096647781288E-17 -5.065144519682534E-19 -4.0551249677206307E-19
Posted 0.008228009929013768 -0.0012771132327898094 1.6715252871436964E-5 -0.0019296779402368214 -6.819848983868554E-4 -1.1759284704635237E-4 -5.506739036863359E-6 -8.328829693283786E-5 -2.3533918672280134E-5 3.643258789202086E-5 3.2440439455289014E-5 1.8817866415035355E-6 -1.408907993113496E-18 2.8056781755322946E-18 3.5388279301524745E-21
Burnham -0.026973312009421345 -0.049946303062446705 -0.020012682718420348 0.0018008154782751845 0.005287956078843287 -0.00314488247547276 -6.545635225193668E-4 -5.868450681258329E-4 2.8744883497381724E-4 0.0015880084696830545 1.2599031521981027E-5 3.669208349819412E-5 -1.426775040312633E-17 9.474837738575084E-18 1.0527190207159802E-18
mortgages 0.0050027797018906 -2.5594769145570337E-4 1.0202206346641555E-4 4.2662571947145846E-4 4.3372292453101284E-5 -5.918950205969023E-5 -2.875758893752164E-5 2.9851312465859366E-5 -3.170058420235439E-6 2.5720729739306066E-5 1.6056255163491654E-5 1.965247324969783E-6 -1.1767909249994985E-18 -2.3271802951705486E-19 2.1624642842427596E-19
rate -0.03332804086633151 0.0014097476168528585 -2.122580451058504E-4 -0.006593964619847598 0.001992689297458527 1.421443437960007E-4 1.4487823859719344E-4 2.3774018432282223E-4 -6.418821062158512E-4 3.101908919266977E-4 4.077619802854116E-4 5.732194534678013E-6 -9.941259242097471E-19 -1.1469634120502507E-18 -4.90273352751684E-18
Telerate -0.04506022872290932 0.012873430543946116 -0.010175886916940408 0.018110830312111394 -0.03733890596426302 -0.03726347125618454 0.016705630352902952 0.0023686625573793763 9.579334196790832E-4 4.44592054900639E-4 3.105277271715459E-4 2.153790129593587E-5 5.864656396505924E-20 1.3396499743659046E-19 7.290552952194137E-20
yields -0.03072495299675189 0.010531410257614286 -0.007857822054898413 0.013074654541015616 -0.022257184300365336 -0.004137166291976995 -0.033767008205157344 -0.024793131327657314 0.0014385256212500219 3.9853549452578566E-4 2.943218228417573E-4 1.9617250046682014E-5 5.450312947540665E-20 1.23911098103233E-19 6.794589535567701E-20
LYNCH 0.001301639318246138 -4.490954078226894E-5 0.0023660563039219584 -0.001720024876569683 0.00339219271326689 -0.0012543032598421634 1.400261193590791E-4 -1.4444559506915751E-4 0.008582130916769584 -6.152210492637454E-4 1.4200271603861174E-4 1.1529051789871988E-5 -3.6214721079398965E-19 -5.636738467593082E-19 -6.841322123809557E-19
triple-A -0.002984028327143659 6.918403351276095E-4 1.5877947690104955E-4 -0.001736899384316294 8.860710790896684E-4 -9.352117234732652E-5 -1.2557594637224963E-5 1.472151810509599E-4 -2.902997534983157E-4 2.501977360423277E-4 1.7855028032171932E-4 8.311523906066776E-6 -2.11773633074567E-19 -5.716986024972635E-19 -1.329567281388763E-19
CORP 0.030168102966067378 0.001914583456440189 0.0011950173692064823 -4.987130886658145E-4 0.002188146821525844 -7.280153032100622E-4 -2.7515317802654943E-4 4.95169992139898E-4 -7.323699981476283E-4 9.739231505985617E-4 4.3215776295078996E-4 3.8801655382752656E-5 -1.8925427981504365E-18 -9.664573818240473E-19 3.342721022871958E-18
ASSOCIATION -0.06837313205454712 0.022675195232487882 0.002731864488018875 0.04904591600867513 0.019911574715882265 9.121378356840887E-4 -6.303492268138792E-4 0.0032462706357230635 -4.844359311712487E-4 4.7076300719037424E-4 3.777786267323248E-4 3.0946921986145794E-5 2.0773042656967046E-18 1.0446276670649951E-19 -9.668353411995843E-19
percent 0.030559896511081243 0.0019394481766536946 0.0012105370753000733 -5.05189882025112E-4 0.0022165643127144957 -7.374700474076011E-4 -2.7872659592299826E-4 5.016007712585985E-4 -7.418812968248683E-4 9.865715032037377E-4 4.3777020143066645E-4 3.9305572985125876E-5 2.7499976414389274E-18 2.9163083234108083E-19 6.1138121330147685E-18
manager -0.047001083273031596 0.001988105613510445 -2.9933826873901776E-4 -0.009299180874144043 0.002810202855390229 2.0045997202001463E-4 2.0431546468835263E-4 3.352746189167997E-4 -9.052183549197933E-4 4.3744869374277157E-4 5.750489465563525E-4 8.08386408736496E-6 -3.793852459335757E-18 1.7238221275144558E-18 -4.249982812400292E-18
Bonds 0.030168102966067378 0.0019145834564401904 0.0011950173692064823 -4.987130886658149E-4 0.0021881468215258423 -7.280153032100651E-4 -2.7515317802655117E-4 4.951699921398971E-4 -7.323699981476302E-4 9.739231505985615E-4 4.3215776295078877E-4 3.88016553827524E-5 -1.2647765654690288E-18 1.8941727453810604E-18 2.5989129132936986E-18
change -0.047001083273031596 0.001988105613510445 -2.9933826873901776E-4 -0.009299180874144043 0.002810202855390229 2.0045997202001463E-4 2.0431546468835263E-4 3.352746189167997E-4 -9.052183549197933E-4 4.3744869374277157E-4 5.750489465563525E-4 8.08386408736496E-6 -3.793852459335748E-18 1.7238221275144597E-18 -4.249982812400289E-18
five-cent 0.030559896511081246 0.0019394481766536937 0.0012105370753000722 -5.051898820251122E-4 0.0022165643127144965 -7.37470047407601E-4 -2.7872659592299766E-4 5.016007712585987E-4 -7.418812968248685E-4 9.865715032037381E-4 4.3777020143066607E-4 3.9305572985125564E-5 4.4039205935768385E-18 -9.256276324637473E-19 6.358401951380183E-18
where 0.006503613612457778 -3.3273199889241595E-4 1.3262868250633997E-4 5.546134353128956E-4 5.63839801890319E-5 -7.694635267759732E-5 -3.738486561877894E-5 3.880670620561647E-5 -4.121075946305228E-6 3.343694866109808E-5 2.0873131712538854E-5 2.55482152246066E-6 -3.138953041047507E-19 2.658583615241215E-19 7.07121389860083E-19
Commodities -0.06490837449493672 0.0025639331625939587 -0.0013325346178930325 -0.008163948173631296 3.5162634602642747E-4 0.0010696843596665125 4.620789054027063E-4 -4.6555767573988626E-5 -9.156900583645307E-4 -4.947720517715414E-4 1.9699741521753098E-4 -2.848164595435592E-5 2.3864974460164264E-18 6.01419344459152E-18 9.157711439769394E-19
adjustable 0.03291065778116441 0.002088636497934743 0.0013036553118616152 -5.44050642180888E-4 0.0023870692598463735 -7.941985125927986E-4 -3.0016710330169185E-4 5.401854459707962E-4 -7.989490888883225E-4 0.0010624616188347948 4.7144483230994775E-4 4.232907859936527E-5 1.6194471494619191E-18 9.770686249272853E-19 -7.132390793271839E-18
capital 0.030559896511081243 0.0019394481766536946 0.0012105370753000733 -5.05189882025112E-4 0.0022165643127144957 -7.374700474076011E-4 -2.7872659592299826E-4 5.016007712585985E-4 -7.418812968248683E-4 9.865715032037377E-4 4.3777020143066645E-4 3.9305572985125876E-5 2.7499976414389293E-18 2.9163083234108285E-19 6.113812133014766E-18
calculated -0.009802364960685728 4.146316520155499E-4 -6.242883679583744E-5 -0.001939401358778705 5.860850874878034E-4 4.180715994000012E-5 4.261124664623067E-5 6.992358362435577E-5 -1.887888547693671E-4 9.123261527255743E-5 1.1992999420159214E-4 1.6859395690228776E-6 -1.4456249726484032E-19 4.92592020243271E-18 3.0631736254168E-19
syndicate 0.03291065778116441 0.0020886364979347412 0.0013036553118616152 -5.440506421808878E-4 0.0023870692598463757 -7.941985125927997E-4 -3.0016710330169104E-4 5.401854459707973E-4 -7.989490888883239E-4 0.0010624616188347942 4.7144483230994764E-4 4.2329078599364255E-5 3.47896919479677E-18 -4.51057342184146E-19 -7.83128600143361E-18
of 0.01654539666574385 -8.464806234053609E-4 3.3741152105331044E-4 0.001410953945023022 1.434426110484179E-4 -1.957539304909528E-4 -9.51082686974792E-5 9.872547566986694E-5 -1.0484146243048228E-5 8.506464434330274E-5 5.310190063855255E-5 6.499545947552337E-6 -2.038349949509014E-18 1.780102437359484E-18 2.1355143338146526E-18
Kidder 0.03055989651108125 0.001939448176653696 0.0012105370753000724 -5.051898820251126E-4 0.002216564312714497 -7.374700474076001E-4 -2.7872659592299707E-4 5.016007712585982E-4 -7.418812968248686E-4 9.865715032037366E-4 4.3777020143066504E-4 3.9305572985125523E-5 2.7024820219528E-18 -7.95519675091574E-19 5.5285878704915886E-18
Markets 0.030168102966067378 0.0019145834564401882 0.0011950173692064831 -4.98713088665815E-4 0.0021881468215258436 -7.280153032100619E-4 -2.751531780265503E-4 4.951699921398984E-4 -7.323699981476281E-4 9.739231505985608E-4 4.3215776295078937E-4 3.880165538275199E-5 -2.3263014187011616E-18 -1.4934955907416298E-18 3.558725107772581E-18
offerings -0.0019415306412855252 1.6828489600771514E-4 9.970047685445439E-5 -7.278424133441715E-4 4.6598540126037533E-4 -1.1331829016742359E-4 -2.089161510289944E-5 4.6674556307079355E-5 3.2223778299533845E-6 1.648067193285411E-4 6.17111159693235E-5 5.388194156254797E-6 -1.785497733004185E-19 -3.479226753479108E-19 -8.434361790154874E-20
Sears -0.047001083273031596 0.001988105613510445 -2.9933826873901776E-4 -0.009299180874144043 0.002810202855390229 2.0045997202001463E-4 2.0431546468835263E-4 3.352746189167997E-4 -9.052183549197933E-4 4.3744869374277157E-4 5.750489465563525E-4 8.08386408736496E-6 -3.7938524593357545E-18 1.7238221275144593E-18 -4.249982812400291E-18
READY 0.0065821315562328815 4.177272995869458E-4 2.607310623723233E-4 -1.0881012843617723E-4 4.774138519692746E-4 -1.588397025185559E-4 -6.003342066033724E-5 1.0803708919416081E-4 -1.5978981777766552E-4 2.1249232376695752E-4 9.428896646198914E-5 8.465815719871954E-6 -3.706850660155281E-18 4.3357798282742514E-19 -5.0700927906530386E-20
listed 0.0 0.0 0.0 0.0 0.0 0.0 0.0 0.0 0.0 0.0 0.0 0.0 0.0 0.0 0.0
Geneva 0.004663830472368618 -1.1670700701076329E-4 2.081757005729562E-5 2.4719140876830497E-4 -5.336837863287919E-4 3.1666676951935563E-4 -1.3331837050255386E-5 1.8311265412947352E-4 -1.933115415292501E-4 -2.6079708325359955E-4 -1.020458318831514E-4 -3.9146014695562124E-5 1.9287541626311322E-19 1.7874265897039972E-19 7.0211494060989955E-19
Annualized 0.01410089580339557 -1.700691695987021E-4 3.8000378432509534E-4 7.127898137326444E-4 4.2942789648934665E-4 -2.259985281930966E-4 -9.727752752037155E-5 1.3438833228727364E-4 -1.2265673357400423E-4 2.0304992149940222E-4 9.872223508079411E-5 9.836302673531846E-6 -2.0285774962214552E-18 -3.12186157975024E-19 1.281084353160888E-18
<OOV> -0.026557650135056895 -0.010632829133675982 -0.012976004920603383 0.01819718692449031 -0.03847269024999361 0.03424492120295813 0.009545027482724887 0.003568056747024702 0.0057687499226739235 0.005144143912075598 3.2214261207157976E-4 9.726746693896991E-5 5.039081653022807E-19 4.57808020474605E-19 -4.311778974197753E-19
, 0.03164486325111961 0.002008304324937257 0.0012535147229438624 -5.231256174816223E-4 0.0022952589036984053 -7.636524159546185E-4 -2.8862221471316407E-4 5.194090826642309E-4 -7.682202777772279E-4 0.0010215977104180674 4.533123387595679E-4 4.0701037114774547E-5 -2.47559408574263E-18 4.662614927561275E-18 -1.0675195049639267E-18
. -0.017322266562542356 7.327170565763467E-4 -1.1032122926499562E-4 -0.003427216538382327 0.0010357012980553681 7.387959656758907E-5 7.53005398114347E-5 1.2356558436736747E-4 -3.3361855832424176E-4 1.6122187730077656E-4 2.11934501187839E-4 2.979311088708184E-6 -3.007564089303354E-18 -5.051874535037623E-18 -4.554313002395437E-18
MORTGAGE -0.018495334298999112 0.002424897644210261 -6.569098447313726E-5 -0.004667997414584214 0.001382871893168187 1.7888462967787452E-4 9.872816664293503E-5 2.4502423275326023E-4 -8.925384220250613E-4 2.648150892327227E-4 3.4179794742594983E-4 5.828268401183359E-6 9.230210167649895E-18 -3.506373043031448E-18 -1.3976492199678473E-18
Drexel -0.027739139232207204 0.006444109069351831 7.044095406086843E-4 0.010881214648922551 0.005805626341766552 1.6824868980844685E-4 -1.4816262632758674E-4 8.78971258491815E-4 -1.57127990139961E-4 3.189754272554268E-4 1.8229989174946366E-4 1.292399480566698E-5 -4.8813456942227646E-18 4.980208126283829E-18 7.311810225890691E-18
by -0.015321422289891647 0.0015751928890861803 -0.00488028255356007 -0.0023323379063443527 -0.0038807828195388133 -0.0013386882937938137 -0.008425602302471713 0.01226744139435043 4.2059652740896255E-4 -6.908492963725459E-5 -3.504283216672956E-5 -1.3697650364097369E-5 7.759311455915585E-18 -4.905520873560135E-18 1.9339769540139794E-18
equaling -0.009130970100364793 3.862322237953063E-4 -5.815288907009474E-5 -0.0018065656492733135 5.459422732763088E-4 3.894365583452161E-5 3.969266810882124E-5 6.513429707474595E-5 -1.7585811129201218E-4 8.498380600731515E-5 1.1171561103709908E-4 1.570464256076566E-6 1.000456078854997E-18 -2.2654000605197627E-18 -1.6101835502973656E-18
% -0.06990132637916258 0.0027611587904858 -0.0014350372808078814 -0.008791944186987548 3.786745264899976E-4 0.0011519677719485505 4.976234365875299E-4 -5.013698046429272E-5 -9.861277551618097E-4 -5.328314403693519E-4 2.1215106254195382E-4 -3.0672541797002235E-5 -8.63219126015245E-18 -1.4587600928734357E-17 1.2928842184388765E-17
Mac 0.015845872265005088 0.001005639795301908 6.276858908963297E-4 -2.6195030919820377E-4 0.0011493296436297408 -3.823918764335696E-4 -1.445249015897024E-4 2.6008928880075243E-4 -3.846791909462279E-4 5.115555942537908E-4 2.2699195629738282E-4 2.0380667473768905E-5 1.8725387438740434E-18 -6.5617164116633425E-19 -1.2654539087107597E-18
: -0.03952145615314218 0.02773400393732485 0.010401694875655367 -0.011898085263955107 0.008034531919851706 -0.0051186109446217124 -0.0013976830157554911 -1.2596884965952398E-4 0.001650064055429915 0.007629941044177548 -2.4815259837550867E-4 2.2696590354751486E-4 1.1270096647781288E-17 -5.065144519682534E-19 -4.0551249677206307E-19
Systems 0.008228009929013768 -0.0012771132327898094 1.6715252871436964E-5 -0.0019296779402368214 -6.819848983868554E-4 -1.1759284704635237E-4 -5.506739036863359E-6 -8.328829693283786E-5 -2.3533918672280134E-5 3.643258789202086E-5 3.2440439455289014E-5 1.8817866415035355E-6 -1.408907993113496E-18 2.8056781755322946E-18 3.5388279301524745E-21
Posted -0.026973312009421345 -0.049946303062446705 -0.020012682718420348 0.0018008154782751845 0.005287956078843287 -0.00314488247547276 -6.545635225193668E-4 -5.868450681258329E-4 2.8744883497381724E-4 0.0015880084696830545 1.2599031521981027E-5 3.669208349819412E-5 -1.426775040312633E-17 9.474837738575084E-18 1.0527190207159802E-18
Burnham 0.0050027797018906 -2.5594769145570337E-4 1.0202206346641555E-4 4.2662571947145846E-4 4.3372292453101284E-5 -5.918950205969023E-5 -2.875758893752164E-5 2.9851312465859366E-5 -3.170058420235439E-6 2.5720729739306066E-5 1.6056255163491654E-5 1.965247324969783E-6 -1.1767909249994985E-18 -2.3271802951705486E-19 2.1624642842427596E-19
mortgages -0.03332804086633151 0.0014097476168528585 -2.122580451058504E-4 -0.006593964619847598 0.001992689297458527 1.421443437960007E-4 1.4487823859719344E-4 2.3774018432282223E-4 -6.418821062158512E-4 3.101908919266977E-4 4.077619802854116E-4 5.732194534678013E-6 -9.941259242097471E-19 -1.1469634120502507E-18 -4.90273352751684E-18
rate -0.04506022872290932 0.012873430543946116 -0.010175886916940408 0.018110830312111394 -0.03733890596426302 -0.03726347125618454 0.016705630352902952 0.0023686625573793763 9.579334196790832E-4 4.44592054900639E-4 3.105277271715459E-4 2.153790129593587E-5 5.864656396505924E-20 1.3396499743659046E-19 7.290552952194137E-20
Telerate -0.03072495299675189 0.010531410257614286 -0.007857822054898413 0.013074654541015616 -0.022257184300365336 -0.004137166291976995 -0.033767008205157344 -0.024793131327657314 0.0014385256212500219 3.9853549452578566E-4 2.943218228417573E-4 1.9617250046682014E-5 5.450312947540665E-20 1.23911098103233E-19 6.794589535567701E-20
yields 0.001301639318246138 -4.490954078226894E-5 0.0023660563039219584 -0.001720024876569683 0.00339219271326689 -0.0012543032598421634 1.400261193590791E-4 -1.4444559506915751E-4 0.008582130916769584 -6.152210492637454E-4 1.4200271603861174E-4 1.1529051789871988E-5 -3.6214721079398965E-19 -5.636738467593082E-19 -6.841322123809557E-19
LYNCH -0.002984028327143659 6.918403351276095E-4 1.5877947690104955E-4 -0.001736899384316294 8.860710790896684E-4 -9.352117234732652E-5 -1.2557594637224963E-5 1.472151810509599E-4 -2.902997534983157E-4 2.501977360423277E-4 1.7855028032171932E-4 8.311523906066776E-6 -2.11773633074567E-19 -5.716986024972635E-19 -1.329567281388763E-19
triple-A 0.030168102966067378 0.001914583456440189 0.0011950173692064823 -4.987130886658145E-4 0.002188146821525844 -7.280153032100622E-4 -2.7515317802654943E-4 4.95169992139898E-4 -7.323699981476283E-4 9.739231505985617E-4 4.3215776295078996E-4 3.8801655382752656E-5 -1.8925427981504365E-18 -9.664573818240473E-19 3.342721022871958E-18
CORP -0.06837313205454712 0.022675195232487882 0.002731864488018875 0.04904591600867513 0.019911574715882265 9.121378356840887E-4 -6.303492268138792E-4 0.0032462706357230635 -4.844359311712487E-4 4.7076300719037424E-4 3.777786267323248E-4 3.0946921986145794E-5 2.0773042656967046E-18 1.0446276670649951E-19 -9.668353411995843E-19
ASSOCIATION 0.030559896511081243 0.0019394481766536946 0.0012105370753000733 -5.05189882025112E-4 0.0022165643127144957 -7.374700474076011E-4 -2.7872659592299826E-4 5.016007712585985E-4 -7.418812968248683E-4 9.865715032037377E-4 4.3777020143066645E-4 3.9305572985125876E-5 2.7499976414389274E-18 2.9163083234108083E-19 6.1138121330147685E-18
percent -0.047001083273031596 0.001988105613510445 -2.9933826873901776E-4 -0.009299180874144043 0.002810202855390229 2.0045997202001463E-4 2.0431546468835263E-4 3.352746189167997E-4 -9.052183549197933E-4 4.3744869374277157E-4 5.750489465563525E-4 8.08386408736496E-6 -3.793852459335757E-18 1.7238221275144558E-18 -4.249982812400292E-18
manager 0.030168102966067378 0.0019145834564401904 0.0011950173692064823 -4.987130886658149E-4 0.0021881468215258423 -7.280153032100651E-4 -2.7515317802655117E-4 4.951699921398971E-4 -7.323699981476302E-4 9.739231505985615E-4 4.3215776295078877E-4 3.88016553827524E-5 -1.2647765654690288E-18 1.8941727453810604E-18 2.5989129132936986E-18
Bonds -0.047001083273031596 0.001988105613510445 -2.9933826873901776E-4 -0.009299180874144043 0.002810202855390229 2.0045997202001463E-4 2.0431546468835263E-4 3.352746189167997E-4 -9.052183549197933E-4 4.3744869374277157E-4 5.750489465563525E-4 8.08386408736496E-6 -3.793852459335748E-18 1.7238221275144597E-18 -4.249982812400289E-18
change 0.030559896511081246 0.0019394481766536937 0.0012105370753000722 -5.051898820251122E-4 0.0022165643127144965 -7.37470047407601E-4 -2.7872659592299766E-4 5.016007712585987E-4 -7.418812968248685E-4 9.865715032037381E-4 4.3777020143066607E-4 3.9305572985125564E-5 4.4039205935768385E-18 -9.256276324637473E-19 6.358401951380183E-18
five-cent 0.006503613612457778 -3.3273199889241595E-4 1.3262868250633997E-4 5.546134353128956E-4 5.63839801890319E-5 -7.694635267759732E-5 -3.738486561877894E-5 3.880670620561647E-5 -4.121075946305228E-6 3.343694866109808E-5 2.0873131712538854E-5 2.55482152246066E-6 -3.138953041047507E-19 2.658583615241215E-19 7.07121389860083E-19
where -0.06490837449493672 0.0025639331625939587 -0.0013325346178930325 -0.008163948173631296 3.5162634602642747E-4 0.0010696843596665125 4.620789054027063E-4 -4.6555767573988626E-5 -9.156900583645307E-4 -4.947720517715414E-4 1.9699741521753098E-4 -2.848164595435592E-5 2.3864974460164264E-18 6.01419344459152E-18 9.157711439769394E-19
Commodities 0.03291065778116441 0.002088636497934743 0.0013036553118616152 -5.44050642180888E-4 0.0023870692598463735 -7.941985125927986E-4 -3.0016710330169185E-4 5.401854459707962E-4 -7.989490888883225E-4 0.0010624616188347948 4.7144483230994775E-4 4.232907859936527E-5 1.6194471494619191E-18 9.770686249272853E-19 -7.132390793271839E-18
adjustable 0.030559896511081243 0.0019394481766536946 0.0012105370753000733 -5.05189882025112E-4 0.0022165643127144957 -7.374700474076011E-4 -2.7872659592299826E-4 5.016007712585985E-4 -7.418812968248683E-4 9.865715032037377E-4 4.3777020143066645E-4 3.9305572985125876E-5 2.7499976414389293E-18 2.9163083234108285E-19 6.113812133014766E-18
capital -0.009802364960685728 4.146316520155499E-4 -6.242883679583744E-5 -0.001939401358778705 5.860850874878034E-4 4.180715994000012E-5 4.261124664623067E-5 6.992358362435577E-5 -1.887888547693671E-4 9.123261527255743E-5 1.1992999420159214E-4 1.6859395690228776E-6 -1.4456249726484032E-19 4.92592020243271E-18 3.0631736254168E-19
calculated 0.03291065778116441 0.0020886364979347412 0.0013036553118616152 -5.440506421808878E-4 0.0023870692598463757 -7.941985125927997E-4 -3.0016710330169104E-4 5.401854459707973E-4 -7.989490888883239E-4 0.0010624616188347942 4.7144483230994764E-4 4.2329078599364255E-5 3.47896919479677E-18 -4.51057342184146E-19 -7.83128600143361E-18
syndicate 0.01654539666574385 -8.464806234053609E-4 3.3741152105331044E-4 0.001410953945023022 1.434426110484179E-4 -1.957539304909528E-4 -9.51082686974792E-5 9.872547566986694E-5 -1.0484146243048228E-5 8.506464434330274E-5 5.310190063855255E-5 6.499545947552337E-6 -2.038349949509014E-18 1.780102437359484E-18 2.1355143338146526E-18
of 0.03055989651108125 0.001939448176653696 0.0012105370753000724 -5.051898820251126E-4 0.002216564312714497 -7.374700474076001E-4 -2.7872659592299707E-4 5.016007712585982E-4 -7.418812968248686E-4 9.865715032037366E-4 4.3777020143066504E-4 3.9305572985125523E-5 2.7024820219528E-18 -7.95519675091574E-19 5.5285878704915886E-18
Kidder 0.030168102966067378 0.0019145834564401882 0.0011950173692064831 -4.98713088665815E-4 0.0021881468215258436 -7.280153032100619E-4 -2.751531780265503E-4 4.951699921398984E-4 -7.323699981476281E-4 9.739231505985608E-4 4.3215776295078937E-4 3.880165538275199E-5 -2.3263014187011616E-18 -1.4934955907416298E-18 3.558725107772581E-18
Markets -0.0019415306412855252 1.6828489600771514E-4 9.970047685445439E-5 -7.278424133441715E-4 4.6598540126037533E-4 -1.1331829016742359E-4 -2.089161510289944E-5 4.6674556307079355E-5 3.2223778299533845E-6 1.648067193285411E-4 6.17111159693235E-5 5.388194156254797E-6 -1.785497733004185E-19 -3.479226753479108E-19 -8.434361790154874E-20
offerings -0.047001083273031596 0.001988105613510445 -2.9933826873901776E-4 -0.009299180874144043 0.002810202855390229 2.0045997202001463E-4 2.0431546468835263E-4 3.352746189167997E-4 -9.052183549197933E-4 4.3744869374277157E-4 5.750489465563525E-4 8.08386408736496E-6 -3.7938524593357545E-18 1.7238221275144593E-18 -4.249982812400291E-18
Sears 0.0065821315562328815 4.177272995869458E-4 2.607310623723233E-4 -1.0881012843617723E-4 4.774138519692746E-4 -1.588397025185559E-4 -6.003342066033724E-5 1.0803708919416081E-4 -1.5978981777766552E-4 2.1249232376695752E-4 9.428896646198914E-5 8.465815719871954E-6 -3.706850660155281E-18 4.3357798282742514E-19 -5.0700927906530386E-20
READY 0.0 0.0 0.0 0.0 0.0 0.0 0.0 0.0 0.0 0.0 0.0 0.0 0.0 0.0 0.0
listed 0.004663830472368618 -1.1670700701076329E-4 2.081757005729562E-5 2.4719140876830497E-4 -5.336837863287919E-4 3.1666676951935563E-4 -1.3331837050255386E-5 1.8311265412947352E-4 -1.933115415292501E-4 -2.6079708325359955E-4 -1.020458318831514E-4 -3.9146014695562124E-5 1.9287541626311322E-19 1.7874265897039972E-19 7.0211494060989955E-19
Geneva 0.01410089580339557 -1.700691695987021E-4 3.8000378432509534E-4 7.127898137326444E-4 4.2942789648934665E-4 -2.259985281930966E-4 -9.727752752037155E-5 1.3438833228727364E-4 -1.2265673357400423E-4 2.0304992149940222E-4 9.872223508079411E-5 9.836302673531846E-6 -2.0285774962214552E-18 -3.12186157975024E-19 1.281084353160888E-18
Annualized 0.04185027719673407 0.009845951885685714 0.006154830090090833 4.4873832138514713E-7 0.0035017056982446075 -0.003164085901024836 -0.0010008521227249396 6.876355760303809E-5 -5.977214813226814E-4 1.0077670484483835E-4 1.93271299946145E-4 -8.620453176194859E-5 4.303325352454477E-18 2.2580951169024436E-18 -6.096184068398299E-18
