Rockwell -1.7957929553716427 0.011506984529477631 0.17446192728654053 0.9199000727495231
International -1.3558589155621013 0.6962575981011132 -0.053802752773277875 0.8078973515473804
Corp. 1.2587420471959667 0.7367282750943088 -0.22582278945361806 -1.1024115151383835
's 0.7191436963753352 -0.04405818180853875 0.46140791638871403 0.2951906954642344
Tulsa 0.4523320127240032 1.6520844153912226 0.2315255824850437 -0.8237284213863633
unit 0.43845641015319436 0.13447124449009856 -0.42592470727549975 1.1271611056046782
said 1.3478565913019096 0.9470123951616758 0.6503933477335535 0.14415716291663447
it 0.3749345558925833 0.6876488964857509 -0.29948756195536413 0.19862449913311833
signed -0.9903132990163045 0.24791306222632595 2.23733645329549 0.5284042968296194
a 0.5833066384034609 -1.0945825879328903 -0.011904402312754211 0.5401740334734836
tentative 0.34163854773776486 -1.06177404361371 -0.726921247598883 -2.9815813718663087
agreement -0.6989951458849504 0.352764057028749 -0.8202879604549773 -0.212105476402235
extending 0.4212616567912193 -1.6199296690131795 1.1899629691031386 1.3269469372723959
its -2.97415210581467 -0.5370969600583595 -0.7200793182302577 -1.525135683792192
contract 0.16733724688626173 -0.18706973280835598 0.605309586648874 1.4319541830034226
with 1.0420714828946813 1.918656798137825 -0.3574669214066682 0.33243992412401263
Boeing -1.5639715323150107 -0.4965100685561668 0.04245585438607197 -0.11893561047847256
Co. 0.30932737484098305 0.6126429639317529 0.30102075061421785 -1.5445433706580909
to -0.09746812136929045 2.4784368777199965 0.3546978822816001 -0.8548714619648554
provide 0.6906248508545713 -1.4651138952940352 1.2792103706870472 -0.542172977080186
structural -1.305220893090585 1.4120674163433597 -1.3252901437642794 -0.2150629110547868
parts -1.7417173427276023 0.9548636316874243 -1.1259198685146086 -1.7076859846978172
for 0.24445001892870855 -0.9793861792203977 0.1834451502661936 0.07283556493968688
Boeing 0.31184733543935694 0.18848007330893113 0.946188011662526 1.225828926617202
's -0.5614189763719422 -0.720610844153863 2.7151387064106327 -1.3458653959903832
747 0.9660189226195206 -0.6543199755672281 -0.10448384993359891 0.21510598383090276
jetliners -0.40263851666871625 2.7039234743085983 0.37748802838005563 0.9590566268527593
. 0.01868182914665499 -0.9830201407469898 0.009179382107776324 -0.6538007338365885
Rockwell 0.8106069575234882 -0.6797239475338933 0.8463659773411145 0.509149403585172
said -0.7286307224148614 0.4375560152683777 -1.3431282191973428 -1.3248402899497902
the 1.4080902344176127 -0.10048041976462756 1.9041883505375738 -0.7642974160350732
agreement 1.632411357419462 1.6030527587204895 -0.7402721237756145 -2.669773910960187
calls 0.25541878452735267 -0.17480172959892515 1.0532674701614646 -1.2752286066830063
for 1.6784109244301395 2.8132422220040567 0.5551309098481836 -0.16154400443995115
it -0.07662860702366392 0.9010913129152799 0.30840026656275416 0.2201205376460819
to -0.7671360511299725 1.8791884526473672 0.1943631118426721 0.9413002554813044
supply 1.413278234597264 0.8608208045841602 -0.766002179131042 -0.5250020372513158
200 -1.1765932089407205 -0.2602250946976242 0.09701361784197036 -0.623691980753061
additional 0.2091384239148796 -0.36291796613029903 -0.24265399785637617 0.21768370646297144
so-called -1.745075374762797 -1.591949777680434 0.29270658078382655 -0.31526148211963384
shipsets 0.06243560207362012 -1.1845019331360584 0.053768303447237896 -0.42952955129760484
for 0.37794234517764397 0.5733687130315375 2.0058539312681924 0.7482783417707749
the -0.30175048899423745 -0.029785451511101752 3.0412088076611488 0.006757526906085729
planes 0.6597165418177432 -0.46556338101401573 0.11696754467825402 0.764085337826306
. -1.3358202925921963 0.529799234198154 0.15569791889069678 0.9229456793000369
These 1.4642212893290578 -0.0732491312343849 -1.163307642074727 0.20532101809925699
include 0.8874606790517491 1.6832137366576956 0.17560789775584779 -0.0630515372172985
, -1.441165368927121 0.07792328222447747 0.2904342622876292 -0.5675084862880309
among 0.3708574478879901 1.339416299905194 -0.29538891730001393 0.14011284333025673
other -0.6481175822889956 -1.8995213722050677 -2.0201218509770325 -0.37896577925034985
parts 0.22787909733612732 1.2337245808678643 1.8251903651187802 0.6564775187510601
, 0.5239738832397822 -0.6734641519380198 -0.1531572485279131 0.3425916314981235
each -0.5080197327814125 -0.2635525653771617 -0.1977946317137797 -0.447324180531842
jetliner 1.9771458536708293 -1.294297341086286 -1.9186706233606585 1.1032321034082582
's 0.19472536612648328 -1.0077926064954692 0.040740187899962595 0.4397793415390014
two -0.6854001202781492 0.5482243450184248 -1.2500156378766996 -0.3394121786208079
major -0.14203957824728644 0.8256370424458072 -0.2815617461835397 0.1092874609486909
bulkheads 0.38500707520279276 -1.717221181605223 1.5137818756729746 0.5381888555254183
, 0.6433970349113157 -1.2760124041516958 -1.7146565902113875 0.529507725778029
a -0.2386464677238891 1.3670697460229055 2.0524652974538484 -0.6435569585548472
pressure 0.33046270607799405 -1.2171677204072158 -2.008970076201888 -2.160345939592006
floor 0.16233945967970534 1.8134968420256792 -1.1315092837731084 -0.5589324877949606
, -0.7169539130311875 -1.1269541017700395 -0.43729565446084806 -0.3659337761905342
torque -0.11803285758914489 0.15123264557562807 0.18992416708147572 0.031278787524229634
box 1.5445376635490882 0.6087268569199279 -0.7607912117859725 1.0082228981325354
, 0.7547975554068266 1.2059938760123505 -2.3707725832155293 -0.0457046428930911
fixed 0.09175623264290532 -0.4226836958236961 -0.11840852977808196 -1.664389388508433
leading -1.2019127282037243 0.26364649495546144 -1.3530245413974562 1.2857388872969984
edges 0.6281135497560741 -0.27331153302678296 0.20667227463536256 -0.6445035759954535
for -0.031821678951093994 0.07782225941430175 1.5472550540985863 0.7329222006772264
the -0.8316533754844825 -0.9392053968265356 0.019703444512358836 1.357647163120764
wings -1.271690218849748 -0.8004028733094278 0.8965643377731556 -0.40717939947300325
and 0.06929884022626244 0.2469446377095953 -0.18527769746279923 -1.0782810236516278
an -1.121825751133318 -0.9673331133800718 -2.2674676582689424 -2.2253044588746014
aft 0.805261995225208 0.767731681280443 -0.8789596721490557 -1.235207542959349
keel -0.45167819210289245 0.442783378229737 -0.29014244165282665 2.1699563726719164
beam 0.9444102579633721 0.9401633477548658 0.6013538168668805 -1.7839952015848075
. -0.22414665957683516 0.11647517601187786 -1.5263284374246304 -0.30412338656416166
Under -0.19205493721823746 -0.7316645046247698 1.3291852625171108 -0.6603155350459111
the 0.6260825789031201 0.27494365744305643 -0.1338026947361579 0.5150399188573431
existing -1.3978968607085396 2.8460297613580643 -2.092279670851216 0.21826422536586382
contract -2.575469960168917 0.695623193620168 0.0464311949052707 0.10277759238563128
, -1.6376513826497148 0.5854373064517274 0.15868079450293604 -0.753354934799874
Rockwell -0.44375919585656476 -0.07254803434036468 2.407398111197384 0.19966580516028007
said -0.4029468711769723 -0.8165761931005967 -0.009842847637981149 0.34291264321995657
, 0.6939399061930958 -0.9110299792434021 0.7726597075374908 -0.49312120502025963
it 1.3238813650851418 -0.0807656311866302 1.7820676083769125 0.3789075171786621
has -0.03443698643632955 -1.564462982776325 0.03479562429088015 1.3443894576665671
already 1.0385544762738785 -0.13119308355750986 0.9999462067640605 -1.0857616368909409
delivered -0.48797711893217666 0.6411346012268115 -0.04092325034163405 1.19483229678819
793 1.2143468564613826 -1.034479853187223 0.29631340623514835 -0.5887381225998103
of 0.621042078170064 0.5369242456346833 -0.04334614036367672 0.5526468679113549
the -0.09939999442428761 0.09672577252900226 0.9582017104216155 -0.37669218880765165
shipsets 1.9235067587945465 0.01908847278864359 0.5757451205175389 1.1340712319865025
to -1.9814340298587585 1.737986861208988 -1.106682433210436 -2.3964997735635443
Boeing 1.6441562591667462 -0.7115499152757115 0.2767686425069455 2.2479273812812215
. -0.8900568791514785 -0.010564973387069099 0.4115743837044333 -0.24411550639954624
