<OOV> -0.08374691587062902 -0.0023927344973958126 -0.0018104350029551296 -0.0023071698147330766 -0.001356736611536891 1.0899256684129488E-4 -6.797411768602346E-4 2.0464848418038877E-4 -0.0014702504089486488 -1.6804887024370093E-4 8.066011361731445E-4 0.0011895630883454512 2.2644949843492513E-4 6.713905297738964E-4 3.558623487920518E-4 1.2507465885563306E-4 4.4075592975882384E-4 -8.024188770758696E-5 1.473736724534047E-4 -6.418941169298833E-5
, -0.06383405980294038 0.01200065297876536 0.007284791973963305 -0.0018641672949387999 0.0011989208976067001 -0.004552418817499648 -4.755391997532957E-4 2.661330226123942E-4 0.002209897717060157 -0.0015634731022666258 0.0024387732330779753 -0.0049473027587995195 7.986079158421789E-4 0.0022609132421182302 0.0033429517031239833 0.0012092066952165835 -4.5159664928377363E-4 -7.708239256611072E-4 0.001431907823012632 -2.408447087332374E-5
the -0.07382270289253985 -0.009768799601040826 0.008796079264034272 0.004829920494481172 -0.0024049643616518403 -4.39676569853868E-4 8.798704949124866E-5 -4.702777166634812E-4 -8.19008260489132E-4 0.001492328627992178 -9.823064510324028E-5 -3.5344106635260865E-4 2.393210345560758E-4 2.1594880763940185E-4 -3.4311555347445714E-4 5.754319969531257E-4 9.799368480901238E-4 -3.854532303463978E-4 -8.336137812084994E-5 4.062378623940114E-4
in -0.06819221059458896 0.004998676877400452 0.0022332208284359736 -0.0021358302645301387 0.0013047833101470295 -7.034608903126199E-4 -1.0924876912930706E-4 0.0028333075355423155 3.5176479157545445E-4 7.401368311686724E-4 4.9291725990013616E-5 -2.702488662242321E-4 0.0010358216300726548 -0.0013051245028046486 -1.3194133504829353E-4 -3.893230917968116E-4 -2.011805413691804E-5 5.374417597068099E-4 -8.171156624054574E-4 2.780020062561041E-4
of -0.07146042670711744 0.0041959756459048776 0.0011143746463817708 -0.002571778953465685 5.304508112036883E-4 -8.503937215690852E-4 -1.730860557780879E-4 0.0024638064606939086 -2.3000844935778004E-4 9.770347034247789E-6 0.001890346950440322 2.2637726784315232E-5 4.8434894568882803E-4 -0.0011550727216410527 -0.001273815022919224 -7.360085813115645E-4 -3.17295656180647E-4 -4.4131819609739164E-4 -2.734855593178769E-4 -1.0687523124853274E-4
and -0.06281742359666376 0.0070883399225702024 0.0029946348547950363 -6.305262805981495E-4 0.0024156677354265996 6.665443391017245E-4 -7.339069059687481E-4 -0.0018816450244782412 9.639558951243069E-4 -9.210567497306515E-4 -1.5599670045089655E-4 3.7386528195973017E-4 -0.006492393342709184 2.3047752448145684E-4 5.32621990400973E-5 -4.281994641772935E-4 -2.653745190521736E-4 0.0010259686714506125 0.0010673927940205176 8.172433385207286E-5
" -0.06476959707342506 -3.0354297404191897E-4 4.509076450733469E-4 8.725093264680374E-4 0.007687532090845761 0.010229130885654667 9.516388171254217E-4 0.0015401104111646981 0.0018365997658631604 -0.0021051178203735535 5.557412879339706E-4 -5.319090177525907E-4 0.001983388085747995 0.0037293199187912224 -0.003910787793348222 0.003522825082926313 -0.00358990396105104 0.0010906685170683618 -6.340494426833489E-4 -0.0016999052787572552
a -0.07837828691680396 -0.0041561400783196485 -0.003696660245637263 -0.0012605271381411537 8.003216409509575E-4 0.002226661901151516 5.010704888247004E-4 -6.0733724615178105E-5 0.0010793771514300552 -6.161789385695385E-4 -2.0742254636143943E-4 -7.011884891408592E-4 5.897501833434352E-4 9.659015691521434E-5 -9.128607158762918E-4 3.135263763779837E-5 0.005350888853212712 -2.1506394970115093E-4 0.0015103161105257002 -0.0027720306572155532
to -0.06847585822580811 0.00555485734116904 0.00213290173126091 -0.0021409729940458076 0.0014854459445216538 -5.493015411124155E-4 -1.9537326434728225E-4 0.0018099355903682494 3.1549209680406586E-4 1.802774235247017E-4 8.916582955350422E-4 -6.574084691235684E-4 0.0012727944754060377 -0.0012457406575287855 6.789701775487082E-5 -1.741910278766642E-4 6.657821467814153E-5 1.338667012023541E-4 -8.753166886786082E-4 2.927738935504385E-4
's -0.06172836692454933 0.012794556414421721 0.0036927568465009767 0.0012305171153689834 -0.0011396775806128202 -0.0026740839804130358 -0.0021823810050556587 -0.00914081527291053 -0.0016381495688272136 0.0012195646680970586 -0.0010641101172597495 -0.0011406115606653303 -7.82352501041226E-4 0.0059204985516404535 -0.0015078965106644397 -0.0016912167480568577 8.130608393053011E-4 -8.046169737146128E-4 -8.280765985879574E-4 2.4070639551178512E-4
will -0.06434183358602759 0.004105914940064786 0.001361351528107899 -7.405502867995661E-4 0.0033023271083314557 0.0027941519711939975 -4.704930644320951E-4 -0.0024336293329831806 -3.0251187706766084E-4 2.0513938450525925E-4 -2.3029540544498053E-4 9.608692359945725E-4 0.0010140767329574947 -0.0040346528774681326 4.051133394813161E-4 2.516050135012552E-4 -1.1831521379430693E-4 4.667339753397206E-4 -3.983236742317781E-4 2.9586687556823574E-4
Chrysler -0.0702205446078452 -0.0038168102945284085 -5.248768884578625E-4 0.0012748817280603382 0.006031514997877329 0.009730670888959137 6.738101763644293E-4 4.346070083641687E-4 5.944751214328329E-4 -0.0015033241942136507 2.2724330338883556E-4 6.17045970155878E-4 0.0011786072413180785 0.0030692814297019633 -0.001457102591332792 0.002195541994054824 -0.0011405262732951734 2.8673223291197935E-4 6.584061330634293E-5 -3.383271905310952E-4
at -0.06501063805254306 0.006884345707968135 0.002620580963016735 -0.002913154758334614 0.0016221354521152452 -0.0015402053789795116 -3.703570202147393E-4 0.004477508162916733 9.170580064363121E-4 0.002002042609750557 -0.0036591350664396454 0.0015000069332371721 -0.004426950231826574 -6.046665839915205E-4 1.553145319421006E-4 8.85267106832161E-4 -3.5462201605228794E-4 0.0011731360655757143 9.120629745385286E-4 -6.042130217328306E-4
said -0.05064295116025789 0.007100340296477812 -0.010008767651031321 0.01922642714965571 -0.0034182901244013387 0.002404241805844042 6.225735302155171E-4 0.0010742355199547685 4.704622161068216E-4 -3.862462314987039E-4 -3.8370257925329966E-4 1.2985874545656313E-4 -1.7677793978936195E-4 1.1110079512335667E-4 2.1741248314073488E-4 -2.792328957650523E-4 8.46400984368102E-5 -1.307301579203463E-4 3.6865642780156406E-5 1.1346848866334112E-4
The -0.069224273163392 6.524044317475101E-4 -0.005446511831979119 0.0022467021803226784 0.004916687666729594 -0.006224699536027212 -3.0148999973162783E-4 0.0011484262189638999 5.273718636529342E-4 -1.1297236494288029E-4 9.79963251287537E-4 -2.821804516306982E-4 3.1292727533559336E-4 -6.021721385291327E-4 -6.144332033027158E-4 -1.864240281907011E-5 -1.2152977264555029E-4 2.652668513701753E-4 -4.6505716735542016E-4 4.990416415149096E-5
million -0.07094689270422119 0.004432867651212876 0.0014327035903832818 -0.0023747300966283635 6.960128697042579E-4 -8.460471942750825E-4 -1.3944178712476177E-4 0.0023164418874799574 -1.357630195569931E-5 1.8884617184369872E-5 0.0015635836952397706 -2.946659480149302E-4 4.599879573421118E-4 -9.824829107739528E-4 -7.600789789547307E-4 -2.5397274890702335E-4 2.7176306939268722E-5 2.862959957731432E-4 -6.832089926284774E-4 -1.1658787237580843E-5
for -0.07094689270422119 0.004432867651212876 0.0014327035903832818 -0.0023747300966283635 6.960128697042579E-4 -8.460471942750825E-4 -1.3944178712476177E-4 0.0023164418874799574 -1.357630195569931E-5 1.8884617184369872E-5 0.0015635836952397706 -2.946659480149302E-4 4.599879573421118E-4 -9.82482910773953E-4 -7.600789789547306E-4 -2.539727489070244E-4 2.717630693926821E-5 2.862959957731427E-4 -6.832089926284771E-4 -1.1658787237580613E-5
$ -0.08897547967246808 -0.009502580566780014 -0.012758526377724476 -0.009368067307828852 -0.012071094021248908 0.0023713392593215617 -0.009471336491342509 -0.0048342848742528675 0.018866982558110718 0.00408398324638361 -7.357672785088546E-4 -0.00177446287191398 3.4172250591806794E-4 -2.3711693463495675E-4 1.362176969378551E-4 2.061562783233319E-4 -4.994574271713692E-4 -7.584989119849384E-6 -4.5738245213681317E-4 -1.1480518462864516E-4
said. -0.04224411291370026 0.017061506599367844 -0.011031998506043042 0.0289442003028189 -0.015698748238865804 0.0060833898767739345 0.0012232175439700968 0.004684689507438567 -3.590533270595673E-4 -2.0115964775659198E-4 4.464282863849732E-4 2.837611528687318E-4 1.9592375017803655E-4 -7.834005300441747E-4 2.780694305925048E-4 6.954489995710056E-4 -1.6680827053093758E-4 4.731554597752765E-5 2.3490590664923902E-4 -1.5528406268214837E-4
Tuesday -0.05524762009678008 -0.005237696615674325 0.021212048435846582 0.00861544399684648 -0.004332682697196623 -0.008079878757213775 6.997475770989538E-4 -9.750774278197194E-4 0.008293738415645572 -0.015532601234390502 -0.002605129230270201 0.005955366975051392 8.345505655723133E-4 -5.523611353405636E-5 -3.456815219382312E-4 -1.4466227360366156E-4 1.2006016517685157E-4 -2.483210462745351E-4 -3.4465549984600587E-4 4.180251965312245E-5
was -0.06360879587148352 0.012074309154182429 0.006798060880538835 -0.0025053871866990204 0.001687888728576566 -0.004459585255782442 -1.2906303976022997E-4 0.0023031602196596115 0.0025823464753668194 -0.0016238178697408055 0.003870729290641826 -0.006226985013473717 0.001771581650721487 0.0015007126022103282 0.0038925065745172857 0.0020039060915857587 -6.936436159740262E-4 -0.00110083370463472 0.0021957926244439282 -3.639176633246854E-4
about -0.08022388819210946 -0.004636288631087764 3.1717417478287374E-5 -0.001329733044621929 -0.0012744123086903716 0.0017728495876758996 -6.696378550753923E-4 0.0010798371244834465 -0.0017412635120891153 -2.5962221163273216E-4 4.2071048262077616E-4 -4.7349321553925134E-4 0.001069680178226499 0.0013107441118357234 -0.0027678609462634856 0.0035084723990996196 0.002404718100156194 8.149470107537737E-4 0.0018073781584255011 0.004157416657055221
from -0.07094689270422119 0.004432867651212876 0.0014327035903832818 -0.0023747300966283635 6.960128697042579E-4 -8.460471942750825E-4 -1.3944178712476177E-4 0.0023164418874799574 -1.357630195569931E-5 1.8884617184369872E-5 0.0015635836952397706 -2.946659480149302E-4 4.599879573421118E-4 -9.82482910773953E-4 -7.600789789547306E-4 -2.53972748907024E-4 2.717630693926877E-5 2.862959957731432E-4 -6.83208992628477E-4 -1.1658787237580812E-5
is -0.06286285970584528 0.005198775810422074 0.001716457068833809 -0.0013246178191172416 0.003691987356916665 0.0025333765207027847 -5.637826725822054E-4 -0.0027588364634156945 -4.0375822396422563E-4 4.208753245613991E-4 -2.1994286564883716E-4 0.0010586908751640894 0.0036628387487995196 -0.007787707278959331 0.001896604555258673 0.0016182851578220982 -5.283120796057748E-4 8.692904414044387E-4 -8.53160267709271E-4 6.787558056295296E-4
be -0.09860150629295304 -0.008053429743519013 -0.01229618256768531 -0.008849962634596958 -0.007788309632190464 0.0010891402560857463 -0.004236141278830832 6.077872542904013E-5 -0.00969596261008296 -0.01042847053050431 -0.008745450729650009 -0.00817211955178133 -9.105414523003069E-4 -0.001237170769613177 6.623606239842328E-5 -4.4221125924868044E-4 -0.0012954816306893354 -1.448720834880739E-4 -3.253213736912906E-4 -1.503244185093703E-4
on -0.057427498981627856 0.010146238560812615 0.00393168566983968 -0.003807090994276191 0.002120040367896148 -0.0035358702183966658 -5.20903024049124E-4 0.009242502751247052 0.0016387809606198901 0.007206808755781813 -0.014435137718770178 0.0039740933378383265 0.002991713645630282 0.001963420816967348 7.233769833275685E-4 1.0161736135949577E-4 -1.2389999744870917E-4 -0.001004590206365951 4.334238765139681E-4 1.0207559799276304E-4
plant -0.08514885614425598 -6.451041810065792E-4 -0.004162571345381089 -0.005031095268780539 -0.0027836854710890373 1.9967783136010589E-4 -0.002340824693356559 2.1038366570037565E-4 0.0013448222603451103 4.618878305605765E-4 0.002002630524413653 0.0027343995440030724 -0.0024593595704051723 -2.1394988604549203E-4 -1.2758144816505228E-4 -0.0014430942826645953 -0.002152590550551811 7.13889967293491E-5 0.0013119431832356303 0.001639881386410332
Mexico -0.07070621185896488 -0.01682555910917202 0.00856922459683514 0.009840564726332074 -0.002272648766462609 -0.004858459411303431 9.354345080271803E-5 -0.0013166945882719908 -0.002495217787609038 0.005419750284537037 -4.7890473606060374E-4 -0.0018068236953999702 -1.6980416506057376E-4 -6.233421815166274E-4 -2.1077376015840907E-4 6.442807315706344E-4 -6.700984107535104E-4 -5.20577431968205E-4 -3.648295192220685E-4 -0.0010158501816497668
. -0.06501132092472718 0.0034728592803856947 0.0046208611396194475 -6.521044480794027E-4 0.0010713100988934375 -4.858199641486879E-4 -4.104390136142359E-4 0.0013502308694505606 3.997960328792027E-4 0.001017796543269502 -2.792809220873028E-4 5.605737405111261E-4 -0.010735188112539148 -0.0014769329159329803 2.2794355975569597E-5 0.0019170186505573941 1.3368697753775509E-5 5.640148983330166E-4 -4.6218503004787813E-4 -3.09974267509151E-4
Corp. -0.06684979557456298 0.006929047516462544 9.332156257696565E-4 -2.805555698397264E-4 -5.325477232268602E-4 -8.753092117596889E-4 -8.390162932189827E-4 -0.0018115355943768183 -9.856897568819756E-4 6.179727250648332E-4 5.058722303565151E-4 4.534450527019042E-5 -1.3240213658299865E-4 0.0016428641592786584 -0.0020336152165416317 -0.0014918575995150412 4.967443749043245E-4 2.3000395310647813E-4 -0.0015293736658599229 1.6459360669984172E-4
that -0.07257485838382986 0.0026297900999821535 -7.361850304792353E-4 -0.0032402670909284013 -1.2360821847543727E-4 -5.814587775798821E-4 0.0033960852379120014 0.001312727385925742 3.764827241403219E-4 -8.764815732120184E-5 0.0011193878362562664 -2.8833858452334635E-4 4.8796600031271556E-4 -8.527141635532967E-4 -9.611746313837792E-4 -3.5251349661855665E-4 0.0022248003783207036 2.0589381377123124E-4 -4.580496627550718E-6 -0.0016105749052684351
Jeep -0.0838935472137872 -0.005957241297910086 0.001946288115239929 -2.6697116606212495E-4 -0.0027359584944447123 -7.163083335736721E-4 -5.317528143642719E-4 7.164008142076362E-4 -0.0026878406629519866 0.0016340666027394465 0.0014852106972313176 0.0015362860461321588 2.864864035798845E-4 1.186422749169784E-4 9.697762605859864E-5 -5.534770054820794E-4 -9.349936036716048E-4 -4.5689168539037213E-4 5.010400283425948E-4 1.9842417066472478E-4
it -0.07401023719556103 -0.0071768881185160695 0.005235933496257107 0.0030279114175751787 -3.4936026247081136E-4 0.0013353457075352328 -6.393325907231622E-6 -1.0242283425336195E-4 -0.0016918270363413975 0.0025662309965785927 8.16703193489463E-4 -8.53827616012846E-4 -0.0019822337648564684 2.134424634352621E-4 0.0019945679545733805 0.0025002802389725055 2.4299746169514019E-4 -0.004738485177932963 -0.0033643671904438986 1.450143177495662E-4
market -0.08199014377906914 -3.7524146239249694E-7 -0.003292497220839572 -0.004403974746185486 -0.001723596586799164 -1.795123603371648E-4 -0.001138528568996928 0.0015096032793140439 -0.001589297664256677 -0.0013401328060512296 6.320484682107807E-4 -4.341047146363807E-6 5.016742419804515E-4 -4.221268742198931E-4 -7.485421994791021E-4 1.3941103838559308E-4 0.002145145761669789 5.63005871722163E-4 1.650256759117043E-4 3.7376931017295406E-5
Brazil -0.060859944258681936 -0.007239221535199862 0.010128637529063183 0.006658422724095028 0.0016026934575012668 0.0025033585984958464 6.049068842739346E-4 -6.87025394048435E-4 4.2124672778939164E-4 0.002443693181774124 -5.495015456922708E-4 -0.003420127577489546 9.897665100371087E-4 2.1004676670963933E-4 0.002019487528389338 -0.0027154600737984594 -8.93258998812255E-4 0.00208165412186498 4.7673874983181344E-4 2.2677241596991978E-4
with -0.06272295663047346 -6.089058110898561E-4 7.85123860082273E-4 0.0018285190334555912 0.00571944106744755 0.007127982989721005 5.97872041103211E-4 4.547032649235773E-5 0.001263167725695073 -7.971651972189529E-4 -3.725683411693527E-4 -1.8314285997767204E-4 -2.564794661214064E-4 -4.3862411374177086E-4 7.331352063174853E-4 -0.0013502584657017122 4.4184806919678925E-4 -3.880223316142272E-4 -1.8976239284982832E-5 3.051203830540296E-4
by -0.062291083951814125 0.008694858081866926 0.004676061191274801 0.001295307158972518 -7.267909534140291E-4 -0.0022033010278682016 -9.145578254906496E-4 -0.0026081108005281185 -3.847318980635254E-4 0.0013151863910839789 4.9180529704928E-4 -0.0027725903073158877 8.400427051256846E-4 0.0031759612136759026 -2.904151168606911E-4 -0.003033981808070799 3.646542958686962E-4 0.0015945832861576253 -0.0020554608020930338 0.0011514557674616667
he -0.06207091779078409 -0.004641168744583134 -0.00825764742367406 0.007149778910040188 0.010342321823932679 -0.0016383595027477198 2.3434499198179176E-4 -0.0010576895859981971 0.0017290831409764306 -8.097645438412878E-4 -7.634985258238398E-4 -1.8880014907281397E-4 -3.092668907707278E-4 -4.031484348844728E-5 6.286867367990627E-4 -8.172275275588363E-4 1.606389439655266E-4 -2.8119752534071007E-4 1.390463104103942E-4 3.238484841811357E-4
has -0.0573616242657574 0.013849267452381473 0.0017195717702343505 8.205549521086495E-4 1.777684969972145E-4 -2.465009009057904E-4 -0.0037557581423612197 -0.020050096670900207 -0.004467256635313683 0.001736519668997226 -0.0029998557232150617 0.003106053404738908 0.0012813296380953885 -0.0018697961248317048 -4.5097673881525985E-4 0.001790292766033734 -4.973933347959541E-4 -4.158682629929893E-4 0.001251649808168267 -7.727254641576091E-4
which -0.054499020556725786 -0.005650679273392591 1.3754412978126367E-4 0.006031768163539547 0.010742869265190842 0.015102013173717085 0.0013351858693311817 -0.002225501234495241 0.0025399117533458464 -0.0016132150116222753 -0.002308720377578476 -7.161977194041334E-5 -9.729468895849253E-4 1.0523468329041087E-4 0.0022263493915897024 -0.0024465441824963997 8.5651983145431E-4 -0.0010623406590015974 6.452565140585119E-4 6.218995533456421E-4
or -0.06107816941572396 -0.0016172605035504053 6.556079140220708E-4 0.0026691688594723843 0.0067241267069962085 0.008722789026520229 7.45334806748806E-4 -4.0872398570516224E-4 0.0015185165312252265 -9.60375160099618E-4 -7.597987484511773E-4 -1.608382423702202E-4 -3.9977295081411197E-4 -3.2985235433533484E-4 0.0010317780433719294 -0.0015695156090606496 5.247824216482938E-4 -5.228859970917013E-4 1.1387031138371679E-4 3.6847621711235214E-4
Mercosur -0.11444732887522628 -0.007127347939877233 -0.010374574057393629 -0.007427218958156233 -0.004512453434013235 8.16504576810226E-4 -0.0017726167872872678 4.311251528524446E-4 -0.0065575505946369305 -0.0012346884472113167 0.003332176148512113 0.008615925334576861 9.31137900159806E-4 0.004312245362910361 0.0057311249236734856 4.305359373095009E-4 -4.2977452497243657E-4 0.0017819153511194547 -6.600380216921719E-4 -5.196388403572266E-4
year -0.08371345594866884 4.2110387843667305E-4 -0.003007520156244293 -0.004635160759207797 -0.0015906231886875478 -6.768191323213491E-4 -7.561453140824793E-4 0.0026745891399143126 -0.002531435111393276 -1.3992247878636568E-4 0.003762928058081436 0.003182524423137668 5.168348738293294E-4 -0.0012393541975173285 -0.0030439171233034162 -0.0032542686161336548 -0.0024187271447508713 -0.004210621676311703 0.0023740831309733727 -2.489847495374393E-4
We -0.0652048275681238 -0.008168676413671673 -0.021498014484158046 0.013030044159875106 0.014764928859788707 -0.018774888333448838 -6.796024958143155E-4 -0.0015769436742402352 0.00178958425007308 -4.2063865657312934E-4 -3.818177846010111E-4 -2.5304762673415985E-4 -3.021431601294952E-5 2.8521966337544726E-4 -2.7459306011468065E-4 5.304617380528235E-4 -4.6851062501012677E-4 2.1619884776325087E-4 4.396375828171196E-5 1.9355105072598873E-4
rates -0.07094689270422119 0.004432867651212876 0.0014327035903832818 -0.0023747300966283635 6.960128697042579E-4 -8.460471942750825E-4 -1.3944178712476177E-4 0.0023164418874799574 -1.357630195569931E-5 1.8884617184369872E-5 0.0015635836952397706 -2.946659480149302E-4 4.599879573421118E-4 -9.82482910773953E-4 -7.600789789547306E-4 -2.53972748907024E-4 2.717630693926877E-5 2.862959957731432E-4 -6.83208992628477E-4 -1.1658787237580816E-5
Argentina -0.06835922131842857 -0.012461942829406531 0.012023508707416416 0.007073987034814983 -0.0037733943775479168 -0.0023761840328431582 2.2056000474399243E-4 -3.9223227729308434E-4 -0.001968077663477392 0.00448276147074495 -2.1251899558493426E-4 -0.00166906053559757 6.175170727745968E-4 -0.001031263449410134 -5.804413108531674E-4 -0.001396443731735634 -0.0017855660175988245 0.002236074416565552 0.0011534206848927478 -0.001409772391990759
one -0.07222750865675805 -0.0010784343907171065 -0.006454404230223963 -0.007482872182163408 -0.005547277913199395 -0.0016401819799787877 0.029353481469715628 -0.004762615156889293 0.0030325315014552608 7.601157851521941E-4 -0.0015097981784861672 -6.31514151304181E-4 -2.7872969966290413E-4 8.242059825520468E-5 1.7379800441918634E-4 6.800889670605615E-5 -7.115817270964184E-4 -3.147307470933753E-5 -5.850448245075654E-5 3.5588103048360246E-4
its -0.08215910274823306 -0.014443063579818121 0.008202809476145479 0.005033025110447447 -0.004382080407518125 -6.841391911017482E-4 -9.144474221539655E-5 -5.181767625528764E-4 -0.0032868096509758417 0.004012759465095381 3.380453830862234E-4 -9.478771416663524E-5 2.6007254443765736E-4 3.7894511140557584E-4 -5.337623536736683E-4 0.001141089399718253 9.177160177236787E-4 -1.9376517193621303E-4 8.526141878761801E-4 9.136415989580713E-4
% -0.07094689270422119 0.004432867651212876 0.0014327035903832818 -0.0023747300966283635 6.960128697042579E-4 -8.460471942750825E-4 -1.3944178712476177E-4 0.0023164418874799574 -1.357630195569931E-5 1.8884617184369872E-5 0.0015635836952397706 -2.946659480149302E-4 4.599879573421118E-4 -9.82482910773953E-4 -7.600789789547306E-4 -2.53972748907024E-4 2.717630693926877E-5 2.862959957731432E-4 -6.83208992628477E-4 -1.1658787237580816E-5
8 -0.07094689270422119 0.004432867651212876 0.0014327035903832818 -0.0023747300966283635 6.960128697042579E-4 -8.460471942750825E-4 -1.3944178712476177E-4 0.0023164418874799574 -1.357630195569931E-5 1.8884617184369872E-5 0.0015635836952397706 -2.946659480149302E-4 4.599879573421118E-4 -9.82482910773953E-4 -7.600789789547306E-4 -2.53972748907024E-4 2.717630693926877E-5 2.862959957731432E-4 -6.83208992628477E-4 -1.1658787237580816E-5
markets -0.08383480033697265 8.912885147656754E-4 -0.002281262417143132 -0.0038279582224744124 -7.150226961800383E-4 -4.0327621558012964E-4 -4.4772347941967477E-4 0.0017035389659794064 -0.001448682790278373 -3.638728894157389E-4 0.001794996815892409 0.0014347766625218959 5.580203138180938E-4 -1.2274619278273684E-4 -1.0981391692649061E-4 -3.0889703126138636E-4 0.001548765805519581 1.398033023662144E-4 3.0900501503666925E-6 -9.862441871764443E-4
