<OOV> -0.49371713627784336 -0.026734134362139235 -0.001971398707081174 -3.6989524429064145E-4 0.0015114786980925383 -8.066242874198747E-4 -2.092526867273806E-4 1.7582563122518126E-4 -2.1612909088524466E-4 1.1626120045920924E-4 -3.5620407949110644E-5 -3.4846300877751894E-4 5.082769636848603E-4 -1.293394145082435E-4 2.658040301593686E-4 -3.49980253546012E-5 -1.5703374689813936E-4 -6.743073651188976E-5 -4.5694794459442934E-5 3.148576427905111E-4
, -0.07332058129345823 0.008651362104824029 -0.01226096547438055 5.998431351915259E-4 6.907003215436037E-4 0.0014688631895537043 -7.603692103400943E-4 -0.0021289656532416366 -0.0038418795759139414 2.1988850319609407E-4 0.0028342064825146868 -0.0021644726332759527 7.814672991151404E-5 -6.404487337151267E-4 -1.1888205408528937E-4 -1.6871696289719708E-4 1.998321406567652E-5 -4.330856391549581E-4 5.055151269533907E-4 1.7181036790899667E-4
the -0.02748733232512459 0.003329094306455214 0.009785732191161462 0.010542717092239928 0.005121677083674856 -5.058042892919293E-4 -4.8146760565257525E-5 8.156413433706042E-5 -0.0015378375302281231 0.001213817275955805 8.341193784087079E-4 1.90250449255428E-4 5.124273290785028E-4 1.1216562836994826E-4 3.0794183284650823E-4 -4.431085479776591E-4 -6.068117532416123E-4 7.657994897944235E-4 1.4138423515174714E-6 -1.0184986869704035E-4
in -0.0466639523475355 0.005046616889158594 -0.006192574272156663 -6.325089401851306E-4 0.0014310532774149459 7.891909669664012E-4 -4.0751267500574314E-5 0.0014706139071803976 6.024301531023226E-4 -4.3918406820658986E-4 -1.3163885204002992E-4 0.001126055777782538 2.979864821280538E-4 7.203567504425817E-5 6.895697838745884E-5 5.877352311902153E-5 -2.904117899404188E-4 0.0011043590157947996 -7.795610534764153E-4 -2.0492225317900303E-4
of -0.035376423116881196 0.0034496201445170646 -0.005462037768792383 1.0372450634635944E-4 7.900788438811365E-4 5.301126371178115E-4 1.0724750644318184E-4 0.0014208780444942791 7.453581115273896E-4 -2.3469638728500932E-4 -5.024988458768525E-4 5.65122823392093E-4 -1.1527772192472721E-4 1.5200210614590856E-4 -3.074269639805543E-5 4.2239211915284233E-4 1.432055952044538E-4 1.421519774127822E-4 -3.852995568129933E-4 3.227451068570504E-4
and -0.023040261283252657 0.003535020121547878 -2.3138877876621163E-4 -0.0024863317903792703 8.098579106531169E-4 3.978949456058151E-4 -3.6858823715538847E-4 -0.0014096058771338705 -2.0548525582956916E-4 1.1286091153839755E-4 -6.92963750598503E-4 7.898484943608937E-4 -1.5305257970406596E-4 4.1317601788147556E-4 7.964383767347289E-5 1.1495364235446557E-4 0.0016374862718866944 0.0010060642662333705 0.0012651049137088527 6.682771310940424E-4
" -0.02049427938535126 0.0035069976288598747 0.0035511298235231634 -0.005554570781190804 0.004070378159247657 0.0011306986211259875 -3.6687701321802844E-4 0.0010467452012664115 3.60537226020725E-4 3.691578336731701E-4 -0.001403611409310319 -0.00351113178947796 -6.80369516243264E-4 3.185353440008306E-4 -3.739677492367821E-5 -1.799588936137048E-4 -5.336021247286062E-4 2.745901542409889E-4 -2.494385957234846E-4 -5.91869583923619E-4
a -0.014845080196942579 0.0011192597470006489 0.00232557288473592 -0.002210065958842254 5.089596550815647E-4 -0.00254874192438252 3.392275048929932E-4 0.001019087115511323 0.001212669072668762 0.0021716617070416688 0.0021879761467762993 9.61701848842589E-5 1.8728109070559413E-4 5.302917867624337E-4 -1.284108446214322E-4 -9.715189142483092E-4 0.0019496121775104318 -0.0015776047566200269 -2.3128073966387883E-4 -8.284842694945642E-4
to -0.028313836820950074 0.003121050216879496 -0.00348995613911617 -8.094637104892033E-4 0.001124029460273399 3.958619455816382E-4 1.5213268837705574E-5 7.325175031954934E-4 1.4522671440368675E-5 -2.3527431246661896E-4 -1.0224024032359204E-4 7.672574927496899E-4 1.5668801769327533E-4 -5.1847581509563254E-5 3.509585643383316E-4 -4.343260582890367E-5 -5.027497876454182E-4 1.9603838833506636E-4 -3.0377689376624435E-4 1.5635530382187928E-4
's -0.011501893838101166 0.0018405396631319118 -0.0015476418270423413 -2.3740858248425626E-5 -0.0016025494140553427 1.2471886146049428E-4 -9.694660374992876E-4 -0.003696558261793771 -8.874420145266862E-4 0.002433882943581446 -0.0026087026802783532 1.6491245366863527E-5 -8.802098868663935E-5 0.00111981655002835 0.0014517873239926575 -9.933646769776433E-4 3.3599346132194395E-4 -6.699644261056833E-4 -8.438189105477251E-4 5.221053383920361E-4
will -0.015858418093615156 0.0024760549203409633 7.280372891611122E-4 -0.0024088811413135935 0.0013589064341443312 5.104134600293434E-4 -1.9254964532664206E-4 -2.202488751150939E-4 1.9409971446277967E-4 -2.428964172873624E-4 -7.226100212740764E-7 9.755087841184543E-4 3.3885775191398287E-4 -5.30408553946291E-4 5.454088159531644E-6 -1.0698237732730257E-4 2.8726437055040993E-4 7.519701662550277E-4 5.156109002005388E-5 2.522255971172452E-4
Chrysler -0.007905257020806614 6.312356750475438E-4 0.004648168803728844 -0.004120387783606887 0.00252874520416227 0.0011132551497078566 -9.9571803299867E-6 -2.129864972595987E-4 -3.578795877833622E-4 1.845414002524923E-4 1.1894577384300368E-4 -7.335273324531727E-4 1.3053626691372024E-4 4.512331198074796E-4 -2.428080905970671E-4 1.7643993882302225E-4 7.750046101648445E-5 3.5306273191653434E-4 1.6689317271837375E-4 5.038496928374926E-4
at -0.014146473072100417 0.0014388692981582008 -0.002239974249284271 1.7325929146404785E-5 2.536605974613819E-4 9.588478899800016E-5 -3.0306776321068262E-5 4.920471901372304E-4 2.6862397843493833E-4 8.413245715482131E-5 -2.6770654887974053E-4 3.495948642356767E-4 4.395710560942696E-5 4.809019347418996E-4 -3.0012924037583842E-5 1.3232595056431436E-4 1.4727660295698735E-4 0.001169686073424019 6.214842580484185E-4 2.0298669774806332E-4
said -0.0048084274423936995 0.0013923078140105005 0.0022275350794927857 -0.0018578079745644053 -0.0018445670857513603 8.382688341172903E-5 -3.8076096676774546E-4 4.918975624065628E-4 -9.069597965131055E-4 0.0019317107220209264 -6.149544197340264E-4 4.987034079683199E-4 -8.820419533802841E-5 -8.359558430976497E-4 -5.263549899167013E-4 0.001361520798912756 -6.495214378932475E-4 -1.9305468798954265E-5 -1.8425520308736111E-4 -3.459590335700538E-5
The -0.00999861456222851 0.001233046445316715 -3.814897402492064E-4 -3.4617694161721016E-4 -0.0029345517930578074 -9.239559822875951E-5 -3.18026979599126E-5 0.002521331548582368 -0.0011081227603634608 1.6031201097940924E-4 3.1111044412560456E-5 -9.981529114833375E-5 7.95079762458697E-5 -1.4742526705672417E-4 3.777073853004326E-4 -2.6063691708746106E-4 -1.4956360774520848E-4 1.3184489196459438E-4 -1.1022425881886718E-4 1.4370806995808564E-4
million -0.012630949425205302 0.0012515436384643462 -0.0019514040488919514 4.0353961294209766E-5 2.912044755314778E-4 1.8052641075828687E-4 3.405571318925217E-5 5.220870000306249E-4 2.4647001746698683E-4 -7.346184652321713E-5 -1.6508920061499274E-4 1.8411553567571412E-4 -1.6274193815966403E-5 2.6547943277769915E-5 9.125680047546814E-6 7.867260836771067E-5 8.090218470303582E-5 7.957416198743676E-5 -1.4934474660500488E-4 1.0841232284329945E-4
for -0.011321073188517347 0.001121753927808784 -0.0017490362215994528 3.6169106048884286E-5 2.6100549288376887E-4 1.6180515334631633E-4 3.052400959925566E-5 4.679446444718934E-4 2.2091016380374381E-4 -6.584358095784649E-5 -1.479688390697341E-4 1.6502207271675115E-4 -1.4586499642458545E-5 2.379482323414936E-5 8.179313227800965E-6 7.051396749994895E-5 7.251232851161023E-5 7.132202667022117E-5 -1.3385714325337526E-4 9.716956343732721E-5
$ -0.0015780023008155092 -7.469152302086898E-4 1.257360780643177E-4 -1.561280652854751E-4 -1.9468716877189671E-4 -0.0015556758929599571 -0.0015711874959056019 -2.64861341721431E-4 0.001015680172978058 1.7872341512820757E-4 0.001742342991331963 1.747335884638281E-4 -0.0037488098809469205 -5.497811668122366E-4 0.0015536808221637641 1.5604319425651183E-4 3.674245998212926E-4 5.819860105815759E-4 -8.639111501201392E-4 -5.374458566482585E-4
said. -0.005656128186611608 8.887488027957899E-4 -7.054916637113717E-4 -9.090282701830093E-6 -7.003685053776292E-4 1.471668117290529E-4 -2.938626774028617E-4 -6.298986949235578E-4 2.504451806221325E-4 0.0024019170000936286 -0.001052030556958267 4.553221015935613E-4 -4.042716584369115E-4 -8.013962956996292E-4 -0.0012845395743272402 0.002434561817028317 -8.893330735450976E-4 6.00075724359934E-5 -4.213998017818347E-4 -3.8975902850317085E-4
Tuesday -0.004347180596999737 9.8232140840717E-4 3.247936661160603E-4 0.0015591777535294423 1.313955755992033E-4 3.159005331173702E-4 3.968591957818735E-6 -8.769284597779984E-5 -3.3269010916980304E-4 -5.734153107116367E-4 -1.5465393661484722E-4 7.814804571204232E-5 -8.056747965808256E-4 5.455222901301467E-4 1.58402338110345E-4 1.1246748665931497E-4 4.073168930883314E-4 -9.620919813605017E-5 0.0024242180633530885 -0.0022311435749719664
was -0.00982727464801784 0.0010515618309501395 -0.001668475413765136 6.708834408668096E-5 2.2397560351269843E-4 2.2426721052438422E-4 -4.101175599918455E-5 1.1455764666068056E-4 -3.5467261718060257E-4 -1.1267092037565816E-4 3.5034490501883883E-4 -3.6576485162193994E-4 -1.6906342300723092E-5 -2.4003597484721417E-4 -1.3847460897505542E-4 6.657514005760174E-5 1.7468662199518554E-4 -8.903937633999911E-6 5.5924426665488586E-5 3.10803395403177E-4
about -0.005750082124345726 9.831534828154775E-5 -4.21320389734998E-4 4.234506877375997E-4 4.6851241172639915E-4 -0.0010375433634339808 2.0679779562470478E-4 4.1841443948185E-4 2.8416109008214975E-4 9.250098978390646E-4 2.5836079117637226E-4 -2.3245566177709524E-4 -6.777772774556531E-6 6.251109208769849E-4 2.1580510409595618E-4 -2.1381428067015313E-4 -2.9579518974599264E-4 1.9605166674724223E-4 4.7493639315407735E-4 4.0079525892216297E-4
from -0.009917634363494531 9.826935235349682E-4 -0.0015322135495003469 3.1685332571749896E-5 2.286494400469381E-4 1.4174666326206224E-4 2.6740041467116556E-5 4.0993497780182403E-4 1.9352460630741203E-4 -5.768115356637795E-5 -1.2962559455695732E-4 1.445647909750052E-4 -1.277825588512918E-5 2.0845051758841483E-5 7.165348778073814E-6 6.177256657020251E-5 6.352319687793931E-5 6.24804531160615E-5 -1.1726328251948562E-4 8.512374978807229E-5
is -0.005857577805011796 9.136094964148915E-4 1.6049104335885299E-4 -8.257709094354952E-4 4.2829611181639316E-4 2.080505932857845E-4 -9.528429692095343E-5 -1.245255290798927E-4 9.559069798659526E-5 -2.2071406787218276E-4 1.3834409453095613E-4 3.689962871966843E-4 2.466218208785695E-4 -3.832675872955797E-4 -9.645269064710612E-5 -6.20186575629838E-5 6.283359656117009E-5 6.747157123730277E-4 -1.730640798089433E-4 3.443467082498489E-5
be -0.0016526396618051762 -0.0015621797890603454 -2.394481672286482E-4 -5.274546870655161E-4 5.359133220485991E-4 -0.0045127000007321935 0.0016147936584048892 -3.316231121927021E-4 -0.001827602668629804 -4.883191655145314E-4 -0.0017194394712799943 -9.649128384697294E-5 -6.407230725103153E-4 -0.0014924246645491278 -0.0011154654459124692 -3.122965668885245E-4 5.441676106523741E-4 6.246093205005439E-4 1.0831075810908398E-4 -8.6559903238326E-4
on -0.0056371281114987 6.240384660502268E-4 -0.0010406830290203854 -4.1833542089379743E-5 1.705502619533666E-4 -1.682972284259038E-5 -1.2252290564962275E-4 1.1307378944087359E-4 -1.7902953318251863E-4 8.712165533286054E-5 -3.11030922436722E-4 5.939759628712346E-4 1.7721509982913285E-4 6.060084677412533E-4 6.902481710826032E-4 -5.19589051724702E-4 -0.0013747596656114318 5.606621501459115E-4 5.696578314026847E-4 -4.4468201273818606E-4
plant -0.005727388367281604 1.4907162897518533E-4 -5.860965724717551E-4 3.4919816923026104E-6 -3.9877394246268385E-4 -2.1739130017996017E-4 -1.0642300894051095E-4 -3.1503858491641474E-4 9.121270171776279E-4 -7.025781898548517E-4 6.993296726338955E-5 -1.786786414257347E-4 -6.829305003347309E-4 -5.50349373401266E-4 3.571220058319179E-4 2.717918773676472E-4 -2.994432020762991E-4 9.920767010851901E-5 3.536240877573711E-4 5.896953273512033E-4
Mexico -0.0017719876208269168 4.217733947706483E-4 0.0024718347177462695 0.003291060028559594 -2.7432588893979245E-4 -1.0180499632046386E-4 9.294204369380063E-5 9.422827320080231E-4 -0.0012412048871644425 -1.1402047815718593E-4 -4.2418316773735316E-4 2.776788175408047E-5 -5.722804961998889E-4 1.130507439784629E-4 3.4208769000096634E-4 3.120726255974544E-4 -1.1466662705333052E-5 -3.9120245607384427E-4 -3.9591842952574184E-4 3.1071437010901155E-4
. -0.005922752951748953 6.278700447377909E-4 -7.858074066239923E-4 1.2016633287115376E-4 6.36816275749468E-5 -2.3209110874764513E-5 -8.23094506819503E-6 -9.468007602300488E-5 3.102604675960862E-5 -1.0151065582321376E-4 7.931561297386292E-5 5.961102227709292E-5 1.8576788986324956E-4 2.1232751721414223E-4 -1.7874104148641592E-4 4.248948826873005E-5 3.2843733859415114E-4 9.553561309263645E-4 3.565924329476507E-5 -8.06409881419337E-5
Corp. -0.007140432444286127 8.388858103629687E-4 -0.0010037663198226795 4.6392271495715445E-6 -2.7997758502664285E-4 1.0112118821778207E-4 -1.8645146431440262E-4 -4.948624031399738E-4 6.471543575435071E-5 4.4023163350707353E-4 -6.891136367891312E-4 1.0776221280150212E-4 -3.0068186894445575E-5 2.575109060235369E-4 2.1350154791473135E-4 -1.0287486827214876E-4 2.0451632877846161E-4 3.0797730096008495E-5 -3.7306874636350903E-4 1.046115034026975E-4
that -0.007128289321088858 7.030153697085891E-4 -0.0010344594224912856 1.7722492268710018E-5 3.5223867992321266E-5 2.8019509445982043E-5 1.2100441282293485E-5 2.1691462965084854E-4 3.030579775223353E-4 -6.467411423254534E-5 -7.74901505289074E-5 7.23228791837567E-5 7.810037089439824E-5 -8.130492146317672E-6 -5.601173221906227E-5 -9.129808960220308E-5 2.572099962826128E-4 -6.530223789051945E-5 -1.3566529424216965E-4 -1.2580029208059508E-4
Jeep -0.004435284360020239 8.047565849377121E-5 4.82451585023557E-4 0.0011656824528189214 -1.877934293381382E-4 -3.161501269907102E-5 1.7483118767828802E-5 -3.208874112983281E-4 3.8639804612452893E-4 -0.0010039751096796725 -1.6072619469611327E-4 -2.786653104667761E-4 1.0374264513449227E-4 2.4134116327832552E-4 -2.1926799865465283E-4 6.576230724387916E-4 -4.1926031566158543E-4 -2.948658983723795E-4 1.626974492315576E-5 3.787518953794676E-4
it -0.0030393504268939743 3.432624574837504E-4 0.0010775544154484917 -3.4487613684756896E-4 3.579932526269415E-4 -2.140830165232909E-5 -5.7789012039286796E-5 -4.4838270769136747E-4 -1.2423292436242783E-4 -3.2365671409356495E-4 6.020795590832817E-4 -1.4341722121529414E-4 6.896112158743158E-4 3.836130676782345E-4 -3.095433252294905E-4 2.295810574348083E-4 -3.367671051137413E-4 9.284819752230747E-4 -6.130378633855413E-4 6.677665457635885E-5
market -0.0056800420742345445 2.545553187724124E-4 -7.757323589717126E-4 -1.467613673829223E-4 6.187908173625914E-5 -9.139762590374423E-4 2.6003585772692354E-4 8.953129743865494E-5 1.2691866302716882E-4 4.86980585967698E-5 2.5013578957415553E-4 7.06691502470425E-5 -1.6276454348545844E-4 6.643692306615374E-4 -5.41183998009616E-5 3.0253786314212133E-4 -1.3670055108507615E-6 7.131643116187574E-6 -1.6904837658710754E-4 -1.3064033999015255E-4
Brazil -0.001835944817838165 9.669410093305537E-4 0.0030706088087339954 3.0672270880671546E-4 0.00129144764589174 2.532519058168776E-4 2.4749380779780187E-5 -3.401634121544309E-4 -0.0010471525023374956 -6.276636368069363E-4 1.7906588097748493E-5 5.381715181092934E-4 -3.925507550081752E-4 -4.080403479095456E-5 8.885015414888958E-5 5.332320789798882E-4 9.149978942909357E-5 -6.351517687978891E-4 -5.411698208383116E-4 -1.3717623401488888E-4
with -0.004595041622043972 0.0011927716849619195 0.002364432229938347 -0.002380706364956263 0.0013909384208908835 2.577673168387494E-4 -1.0747338640132968E-4 -2.1970758621649023E-4 -2.1105740253224423E-4 1.8632531072435604E-5 2.2598297460470614E-4 5.807450290504965E-4 1.8609393150282233E-4 -3.989620257774152E-4 2.254750951616232E-5 2.3233643566342683E-5 6.87277510596394E-5 -1.3158424558946892E-4 2.4541494380038995E-4 2.843934799910853E-4
by -0.004350195778492869 6.383820590408134E-4 -5.608086662931172E-4 3.117509709831218E-5 -3.1584310905576627E-4 5.280431034191851E-5 -1.939307600356559E-4 -8.265371266152354E-4 -2.6527558606746163E-4 3.721494942439251E-4 -2.6790925747123117E-4 1.0578592307920016E-4 6.480782066344323E-5 3.293843699234964E-4 1.5945623668536614E-4 -9.644742871868063E-5 -1.293375441620862E-5 -2.095703575944926E-7 -8.025707124677795E-4 -3.3924314352149604E-4
he -0.0017762841143857224 8.292031293007974E-4 0.00255062346835436 -0.0018433302540860775 -0.0012124265475199915 -3.4169647374465604E-6 -1.1429320898961675E-4 0.001205694530446858 -0.0010346382677430177 1.6555011658621853E-4 2.753410649172471E-4 2.0469522873154793E-4 1.8731465312399562E-4 -3.8097356691617085E-4 2.6109079799594125E-4 -2.0780345428263736E-4 -1.0482898371451323E-4 -4.992848589015421E-5 1.8415900081305536E-4 2.171414226203329E-4
has -0.0014712314276851663 4.1703498171321185E-4 -7.678897731279276E-5 -7.85717608413446E-6 -6.886432686029338E-4 1.2931699210285184E-4 -3.4712032210794163E-4 -0.0012572744487742223 4.880273888054666E-5 7.687461276593259E-4 -7.531783233143421E-4 -6.294993673354764E-6 1.5554887562479527E-5 1.1932582419659529E-4 1.8196189447107302E-4 -2.4431821085716716E-4 4.1109664013951676E-4 2.024100745104777E-4 -1.0286985134622784E-4 1.4046150338614186E-4
which -6.412085782925644E-4 0.0012926507869007854 0.005024833743726109 -0.0039902628089794456 0.0021564504373006513 3.2931974430997884E-4 -1.9804215132957856E-4 -6.562276437111641E-4 -4.886901250354E-4 7.18663554114022E-5 4.6835451357172826E-4 8.656219730420976E-4 3.19197771291352E-4 -6.796855670055641E-4 3.250936027830006E-5 -4.984265371490388E-6 6.960059359771235E-5 -2.6351494375324646E-4 4.919942100034304E-4 4.13760065072198E-4
or -0.003191602797021161 0.001053711280688104 0.0025812549020374533 -0.0023851901384333973 0.0013585823680540528 2.377088267544955E-4 -1.112573545334688E-4 -2.7771725288655954E-4 -2.3844296002857617E-4 2.6794958463904216E-5 2.44326219117483E-4 5.602877473087504E-4 1.8790217526015192E-4 -4.0191179725272274E-4 2.153354506643487E-5 1.4492242636596978E-5 5.973861942596884E-5 -1.4042581914362854E-4 2.6200880453427936E-4 2.723476663418299E-4
Mercosur -0.001949251515416577 -0.0044732924047879525 3.475884730494722E-4 -4.729098874490205E-4 -1.3154219956875948E-4 0.002560117578943015 7.271092884507456E-4 -2.9126276883627376E-4 -0.0010662494456120065 5.983762129675411E-4 7.03850037183578E-5 5.093209492905384E-4 -6.004639403501E-4 4.0007227840722795E-4 -1.732027583189291E-4 -1.5339191690812143E-4 2.94356750317901E-4 2.2072921496391588E-4 1.6279245718006877E-4 -4.1904007806563943E-4
year -0.004295163348424481 9.402992368391026E-5 -4.546030867714364E-4 1.3406728858829929E-5 -2.9924779150650784E-4 2.7169254899595487E-5 -1.4649637615535445E-5 -2.141586419493215E-4 6.360324445257636E-4 -5.150716028389929E-4 -1.1913851973836702E-4 -5.268951727347579E-5 1.9236977701064328E-5 -9.678197483318556E-5 -1.6900501028767825E-4 3.8330868163729447E-4 -4.263083011697982E-4 -4.573683706352663E-4 3.36365347641813E-4 7.320126062668405E-5
We -2.909046451147125E-4 4.3270602566666886E-4 0.0018937816074075557 -6.292722599285849E-4 -0.005268406938192706 -3.880083813642292E-4 -9.715079147481116E-5 0.0035254398031531364 -0.002166369438062973 3.624150045328157E-4 2.6585626000333177E-4 -4.0502710556759234E-4 1.53609470911961E-4 -2.8012277897313247E-4 6.176827235872344E-4 -5.363778726594671E-4 -3.5414588196817177E-4 1.1658979514246186E-4 9.88794386393194E-6 9.897895735549523E-5
rates -0.007017194125114057 6.95302021369081E-4 -0.001084113360495528 2.2418867385672017E-5 1.617802641841543E-4 1.002924504212705E-4 1.8919840660695634E-5 2.900483333503471E-4 1.3692778748165935E-4 -4.0812136957342834E-5 -9.171622256388484E-5 1.022864087087301E-4 -9.041218786648023E-6 1.474885737653883E-5 5.069822248637107E-6 4.3707004648728166E-5 4.4945658168353264E-5 4.420786777079829E-5 -8.296930366944732E-5 6.022906824627751E-5
Argentina -0.0030459500159145674 6.279256581540514E-4 0.0014686331668187476 0.0028032285099817925 6.162093604088266E-4 2.0461510374248897E-4 1.5770838521894954E-4 2.3597938653277073E-4 -8.509920394931151E-4 -8.620859910838509E-4 -8.401012836913221E-4 2.3970532356776985E-4 -9.181381972305831E-4 2.3142066347869807E-4 1.9230267077608376E-4 7.713440160381604E-4 3.99191623692842E-4 -7.702116701498801E-4 -4.2121365626839665E-4 1.8164704619749955E-4
one -0.0028440314316847304 3.0637208356754347E-4 -2.9474964612855704E-4 2.3675762186425728E-5 -2.42277456952265E-4 -3.50571704350973E-5 -1.0157222508204962E-5 -6.595868418400046E-5 4.015912774709637E-4 -1.2520984232240422E-4 -1.2331608609288952E-5 -2.103484608251178E-5 1.3939453608398638E-4 -8.06715297298942E-5 -1.572388814611695E-4 -2.424362239832807E-4 2.599970496044839E-4 -1.1356504361385262E-4 6.245834022729515E-6 -3.761993005248267E-4
its -0.0016148969310547869 -6.129942095562716E-5 0.0010502736862359674 0.0016773610857232686 3.3026368678709396E-4 -2.209638918239486E-4 -9.224333051998197E-6 -1.2046595617976408E-5 3.6665153523601366E-6 1.7755918563822746E-4 1.2427470015433198E-4 -2.580731835398791E-4 2.4026671989132127E-4 1.9119866088644137E-4 -3.700641603059898E-5 7.49778266799005E-5 -3.2884285624306227E-4 2.824436931982904E-4 2.196988804213475E-5 5.198823393434056E-4
% -0.005707317888426099 5.655123107135195E-4 -8.817455332030298E-4 1.8234012140346598E-5 1.3158128153644555E-4 8.157119300929998E-5 1.5388137070699117E-5 2.3590597779161567E-4 1.1136793381841628E-4 -3.319387139197214E-5 -7.459586101862632E-5 8.319294574976713E-5 -7.3535246131403815E-6 1.1995737332918232E-5 4.123455428891496E-6 3.554836378096556E-5 3.655580197692731E-5 3.595573245358258E-5 -6.748170031781712E-5 4.898630884030571E-5
8 -0.005613755300091245 5.56241617095265E-4 -8.672906883964227E-4 1.7935093908537654E-5 1.294242113473235E-4 8.02339603370164E-5 1.5135872528556503E-5 2.320386666802777E-4 1.095422299853275E-4 -3.26497095658743E-5 -7.337297805110785E-5 8.182912696698406E-5 -7.2329750293184175E-6 1.1799085901231066E-5 4.055857798909689E-6 3.4965603718982556E-5 3.595652653468259E-5 3.53662942166386E-5 -6.637544293555786E-5 4.818325459702201E-5
markets -0.00426264202979342 2.2803843052016516E-4 -5.479932791755912E-4 2.75032500114402E-5 -3.1048459804425185E-5 -7.343251656119178E-5 5.238562762037928E-6 1.591233950424617E-4 4.234380361588245E-4 -9.275123232455267E-5 -4.6557608373797826E-5 -3.167364363842666E-5 2.1541069287418034E-4 -1.3114897912813682E-4 -9.642373209852628E-6 -1.6937897245907418E-4 2.0848154185630022E-4 -2.4532796329949116E-4 -2.0258912769395313E-4 5.2249947091762655E-5
<OOV> -0.07332058129345823 0.008651362104824029 -0.01226096547438055 5.998431351915259E-4 6.907003215436037E-4 0.0014688631895537043 -7.603692103400943E-4 -0.0021289656532416366 -0.0038418795759139414 2.1988850319609407E-4 0.0028342064825146868 -0.0021644726332759527 7.814672991151404E-5 -6.404487337151267E-4 -1.1888205408528937E-4 -1.6871696289719708E-4 1.998321406567652E-5 -4.330856391549581E-4 5.055151269533907E-4 1.7181036790899667E-4
, -0.02748733232512459 0.003329094306455214 0.009785732191161462 0.010542717092239928 0.005121677083674856 -5.058042892919293E-4 -4.8146760565257525E-5 8.156413433706042E-5 -0.0015378375302281231 0.001213817275955805 8.341193784087079E-4 1.90250449255428E-4 5.124273290785028E-4 1.1216562836994826E-4 3.0794183284650823E-4 -4.431085479776591E-4 -6.068117532416123E-4 7.657994897944235E-4 1.4138423515174714E-6 -1.0184986869704035E-4
the -0.0466639523475355 0.005046616889158594 -0.006192574272156663 -6.325089401851306E-4 0.0014310532774149459 7.891909669664012E-4 -4.0751267500574314E-5 0.0014706139071803976 6.024301531023226E-4 -4.3918406820658986E-4 -1.3163885204002992E-4 0.001126055777782538 2.979864821280538E-4 7.203567504425817E-5 6.895697838745884E-5 5.877352311902153E-5 -2.904117899404188E-4 0.0011043590157947996 -7.795610534764153E-4 -2.0492225317900303E-4
in -0.035376423116881196 0.0034496201445170646 -0.005462037768792383 1.0372450634635944E-4 7.900788438811365E-4 5.301126371178115E-4 1.0724750644318184E-4 0.0014208780444942791 7.453581115273896E-4 -2.3469638728500932E-4 -5.024988458768525E-4 5.65122823392093E-4 -1.1527772192472721E-4 1.5200210614590856E-4 -3.074269639805543E-5 4.2239211915284233E-4 1.432055952044538E-4 1.421519774127822E-4 -3.852995568129933E-4 3.227451068570504E-4
of -0.023040261283252657 0.003535020121547878 -2.3138877876621163E-4 -0.0024863317903792703 8.098579106531169E-4 3.978949456058151E-4 -3.6858823715538847E-4 -0.0014096058771338705 -2.0548525582956916E-4 1.1286091153839755E-4 -6.92963750598503E-4 7.898484943608937E-4 -1.5305257970406596E-4 4.1317601788147556E-4 7.964383767347289E-5 1.1495364235446557E-4 0.0016374862718866944 0.0010060642662333705 0.0012651049137088527 6.682771310940424E-4
and -0.02049427938535126 0.0035069976288598747 0.0035511298235231634 -0.005554570781190804 0.004070378159247657 0.0011306986211259875 -3.6687701321802844E-4 0.0010467452012664115 3.60537226020725E-4 3.691578336731701E-4 -0.001403611409310319 -0.00351113178947796 -6.80369516243264E-4 3.185353440008306E-4 -3.739677492367821E-5 -1.799588936137048E-4 -5.336021247286062E-4 2.745901542409889E-4 -2.494385957234846E-4 -5.91869583923619E-4
" -0.014845080196942579 0.0011192597470006489 0.00232557288473592 -0.002210065958842254 5.089596550815647E-4 -0.00254874192438252 3.392275048929932E-4 0.001019087115511323 0.001212669072668762 0.0021716617070416688 0.0021879761467762993 9.61701848842589E-5 1.8728109070559413E-4 5.302917867624337E-4 -1.284108446214322E-4 -9.715189142483092E-4 0.0019496121775104318 -0.0015776047566200269 -2.3128073966387883E-4 -8.284842694945642E-4
a -0.028313836820950074 0.003121050216879496 -0.00348995613911617 -8.094637104892033E-4 0.001124029460273399 3.958619455816382E-4 1.5213268837705574E-5 7.325175031954934E-4 1.4522671440368675E-5 -2.3527431246661896E-4 -1.0224024032359204E-4 7.672574927496899E-4 1.5668801769327533E-4 -5.1847581509563254E-5 3.509585643383316E-4 -4.343260582890367E-5 -5.027497876454182E-4 1.9603838833506636E-4 -3.0377689376624435E-4 1.5635530382187928E-4
to -0.011501893838101166 0.0018405396631319118 -0.0015476418270423413 -2.3740858248425626E-5 -0.0016025494140553427 1.2471886146049428E-4 -9.694660374992876E-4 -0.003696558261793771 -8.874420145266862E-4 0.002433882943581446 -0.0026087026802783532 1.6491245366863527E-5 -8.802098868663935E-5 0.00111981655002835 0.0014517873239926575 -9.933646769776433E-4 3.3599346132194395E-4 -6.699644261056833E-4 -8.438189105477251E-4 5.221053383920361E-4
's -0.015858418093615156 0.0024760549203409633 7.280372891611122E-4 -0.0024088811413135935 0.0013589064341443312 5.104134600293434E-4 -1.9254964532664206E-4 -2.202488751150939E-4 1.9409971446277967E-4 -2.428964172873624E-4 -7.226100212740764E-7 9.755087841184543E-4 3.3885775191398287E-4 -5.30408553946291E-4 5.454088159531644E-6 -1.0698237732730257E-4 2.8726437055040993E-4 7.519701662550277E-4 5.156109002005388E-5 2.522255971172452E-4
will -0.007905257020806614 6.312356750475438E-4 0.004648168803728844 -0.004120387783606887 0.00252874520416227 0.0011132551497078566 -9.9571803299867E-6 -2.129864972595987E-4 -3.578795877833622E-4 1.845414002524923E-4 1.1894577384300368E-4 -7.335273324531727E-4 1.3053626691372024E-4 4.512331198074796E-4 -2.428080905970671E-4 1.7643993882302225E-4 7.750046101648445E-5 3.5306273191653434E-4 1.6689317271837375E-4 5.038496928374926E-4
Chrysler -0.014146473072100417 0.0014388692981582008 -0.002239974249284271 1.7325929146404785E-5 2.536605974613819E-4 9.588478899800016E-5 -3.0306776321068262E-5 4.920471901372304E-4 2.6862397843493833E-4 8.413245715482131E-5 -2.6770654887974053E-4 3.495948642356767E-4 4.395710560942696E-5 4.809019347418996E-4 -3.0012924037583842E-5 1.3232595056431436E-4 1.4727660295698735E-4 0.001169686073424019 6.214842580484185E-4 2.0298669774806332E-4
at -0.0048084274423936995 0.0013923078140105005 0.0022275350794927857 -0.0018578079745644053 -0.0018445670857513603 8.382688341172903E-5 -3.8076096676774546E-4 4.918975624065628E-4 -9.069597965131055E-4 0.0019317107220209264 -6.149544197340264E-4 4.987034079683199E-4 -8.820419533802841E-5 -8.359558430976497E-4 -5.263549899167013E-4 0.001361520798912756 -6.495214378932475E-4 -1.9305468798954265E-5 -1.8425520308736111E-4 -3.459590335700538E-5
said -0.00999861456222851 0.001233046445316715 -3.814897402492064E-4 -3.4617694161721016E-4 -0.0029345517930578074 -9.239559822875951E-5 -3.18026979599126E-5 0.002521331548582368 -0.0011081227603634608 1.6031201097940924E-4 3.1111044412560456E-5 -9.981529114833375E-5 7.95079762458697E-5 -1.4742526705672417E-4 3.777073853004326E-4 -2.6063691708746106E-4 -1.4956360774520848E-4 1.3184489196459438E-4 -1.1022425881886718E-4 1.4370806995808564E-4
The -0.012630949425205302 0.0012515436384643462 -0.0019514040488919514 4.0353961294209766E-5 2.912044755314778E-4 1.8052641075828687E-4 3.405571318925217E-5 5.220870000306249E-4 2.4647001746698683E-4 -7.346184652321713E-5 -1.6508920061499274E-4 1.8411553567571412E-4 -1.6274193815966403E-5 2.6547943277769915E-5 9.125680047546814E-6 7.867260836771067E-5 8.090218470303582E-5 7.957416198743676E-5 -1.4934474660500488E-4 1.0841232284329945E-4
million -0.011321073188517347 0.001121753927808784 -0.0017490362215994528 3.6169106048884286E-5 2.6100549288376887E-4 1.6180515334631633E-4 3.052400959925566E-5 4.679446444718934E-4 2.2091016380374381E-4 -6.584358095784649E-5 -1.479688390697341E-4 1.6502207271675115E-4 -1.4586499642458545E-5 2.379482323414936E-5 8.179313227800965E-6 7.051396749994895E-5 7.251232851161023E-5 7.132202667022117E-5 -1.3385714325337526E-4 9.716956343732721E-5
for -0.0015780023008155092 -7.469152302086898E-4 1.257360780643177E-4 -1.561280652854751E-4 -1.9468716877189671E-4 -0.0015556758929599571 -0.0015711874959056019 -2.64861341721431E-4 0.001015680172978058 1.7872341512820757E-4 0.001742342991331963 1.747335884638281E-4 -0.0037488098809469205 -5.497811668122366E-4 0.0015536808221637641 1.5604319425651183E-4 3.674245998212926E-4 5.819860105815759E-4 -8.639111501201392E-4 -5.374458566482585E-4
$ -0.005656128186611608 8.887488027957899E-4 -7.054916637113717E-4 -9.090282701830093E-6 -7.003685053776292E-4 1.471668117290529E-4 -2.938626774028617E-4 -6.298986949235578E-4 2.504451806221325E-4 0.0024019170000936286 -0.001052030556958267 4.553221015935613E-4 -4.042716584369115E-4 -8.013962956996292E-4 -0.0012845395743272402 0.002434561817028317 -8.893330735450976E-4 6.00075724359934E-5 -4.213998017818347E-4 -3.8975902850317085E-4
said. -0.004347180596999737 9.8232140840717E-4 3.247936661160603E-4 0.0015591777535294423 1.313955755992033E-4 3.159005331173702E-4 3.968591957818735E-6 -8.769284597779984E-5 -3.3269010916980304E-4 -5.734153107116367E-4 -1.5465393661484722E-4 7.814804571204232E-5 -8.056747965808256E-4 5.455222901301467E-4 1.58402338110345E-4 1.1246748665931497E-4 4.073168930883314E-4 -9.620919813605017E-5 0.0024242180633530885 -0.0022311435749719664
Tuesday -0.00982727464801784 0.0010515618309501395 -0.001668475413765136 6.708834408668096E-5 2.2397560351269843E-4 2.2426721052438422E-4 -4.101175599918455E-5 1.1455764666068056E-4 -3.5467261718060257E-4 -1.1267092037565816E-4 3.5034490501883883E-4 -3.6576485162193994E-4 -1.6906342300723092E-5 -2.4003597484721417E-4 -1.3847460897505542E-4 6.657514005760174E-5 1.7468662199518554E-4 -8.903937633999911E-6 5.5924426665488586E-5 3.10803395403177E-4
was -0.005750082124345726 9.831534828154775E-5 -4.21320389734998E-4 4.234506877375997E-4 4.6851241172639915E-4 -0.0010375433634339808 2.0679779562470478E-4 4.1841443948185E-4 2.8416109008214975E-4 9.250098978390646E-4 2.5836079117637226E-4 -2.3245566177709524E-4 -6.777772774556531E-6 6.251109208769849E-4 2.1580510409595618E-4 -2.1381428067015313E-4 -2.9579518974599264E-4 1.9605166674724223E-4 4.7493639315407735E-4 4.0079525892216297E-4
about -0.009917634363494531 9.826935235349682E-4 -0.0015322135495003469 3.1685332571749896E-5 2.286494400469381E-4 1.4174666326206224E-4 2.6740041467116556E-5 4.0993497780182403E-4 1.9352460630741203E-4 -5.768115356637795E-5 -1.2962559455695732E-4 1.445647909750052E-4 -1.277825588512918E-5 2.0845051758841483E-5 7.165348778073814E-6 6.177256657020251E-5 6.352319687793931E-5 6.24804531160615E-5 -1.1726328251948562E-4 8.512374978807229E-5
from -0.005857577805011796 9.136094964148915E-4 1.6049104335885299E-4 -8.257709094354952E-4 4.2829611181639316E-4 2.080505932857845E-4 -9.528429692095343E-5 -1.245255290798927E-4 9.559069798659526E-5 -2.2071406787218276E-4 1.3834409453095613E-4 3.689962871966843E-4 2.466218208785695E-4 -3.832675872955797E-4 -9.645269064710612E-5 -6.20186575629838E-5 6.283359656117009E-5 6.747157123730277E-4 -1.730640798089433E-4 3.443467082498489E-5
is -0.0016526396618051762 -0.0015621797890603454 -2.394481672286482E-4 -5.274546870655161E-4 5.359133220485991E-4 -0.0045127000007321935 0.0016147936584048892 -3.316231121927021E-4 -0.001827602668629804 -4.883191655145314E-4 -0.0017194394712799943 -9.649128384697294E-5 -6.407230725103153E-4 -0.0014924246645491278 -0.0011154654459124692 -3.122965668885245E-4 5.441676106523741E-4 6.246093205005439E-4 1.0831075810908398E-4 -8.6559903238326E-4
be -0.0056371281114987 6.240384660502268E-4 -0.0010406830290203854 -4.1833542089379743E-5 1.705502619533666E-4 -1.682972284259038E-5 -1.2252290564962275E-4 1.1307378944087359E-4 -1.7902953318251863E-4 8.712165533286054E-5 -3.11030922436722E-4 5.939759628712346E-4 1.7721509982913285E-4 6.060084677412533E-4 6.902481710826032E-4 -5.19589051724702E-4 -0.0013747596656114318 5.606621501459115E-4 5.696578314026847E-4 -4.4468201273818606E-4
on -0.005727388367281604 1.4907162897518533E-4 -5.860965724717551E-4 3.4919816923026104E-6 -3.9877394246268385E-4 -2.1739130017996017E-4 -1.0642300894051095E-4 -3.1503858491641474E-4 9.121270171776279E-4 -7.025781898548517E-4 6.993296726338955E-5 -1.786786414257347E-4 -6.829305003347309E-4 -5.50349373401266E-4 3.571220058319179E-4 2.717918773676472E-4 -2.994432020762991E-4 9.920767010851901E-5 3.536240877573711E-4 5.896953273512033E-4
plant -0.0017719876208269168 4.217733947706483E-4 0.0024718347177462695 0.003291060028559594 -2.7432588893979245E-4 -1.0180499632046386E-4 9.294204369380063E-5 9.422827320080231E-4 -0.0012412048871644425 -1.1402047815718593E-4 -4.2418316773735316E-4 2.776788175408047E-5 -5.722804961998889E-4 1.130507439784629E-4 3.4208769000096634E-4 3.120726255974544E-4 -1.1466662705333052E-5 -3.9120245607384427E-4 -3.9591842952574184E-4 3.1071437010901155E-4
Mexico -0.005922752951748953 6.278700447377909E-4 -7.858074066239923E-4 1.2016633287115376E-4 6.36816275749468E-5 -2.3209110874764513E-5 -8.23094506819503E-6 -9.468007602300488E-5 3.102604675960862E-5 -1.0151065582321376E-4 7.931561297386292E-5 5.961102227709292E-5 1.8576788986324956E-4 2.1232751721414223E-4 -1.7874104148641592E-4 4.248948826873005E-5 3.2843733859415114E-4 9.553561309263645E-4 3.565924329476507E-5 -8.06409881419337E-5
. -0.007140432444286127 8.388858103629687E-4 -0.0010037663198226795 4.6392271495715445E-6 -2.7997758502664285E-4 1.0112118821778207E-4 -1.8645146431440262E-4 -4.948624031399738E-4 6.471543575435071E-5 4.4023163350707353E-4 -6.891136367891312E-4 1.0776221280150212E-4 -3.0068186894445575E-5 2.575109060235369E-4 2.1350154791473135E-4 -1.0287486827214876E-4 2.0451632877846161E-4 3.0797730096008495E-5 -3.7306874636350903E-4 1.046115034026975E-4
Corp. -0.007128289321088858 7.030153697085891E-4 -0.0010344594224912856 1.7722492268710018E-5 3.5223867992321266E-5 2.8019509445982043E-5 1.2100441282293485E-5 2.1691462965084854E-4 3.030579775223353E-4 -6.467411423254534E-5 -7.74901505289074E-5 7.23228791837567E-5 7.810037089439824E-5 -8.130492146317672E-6 -5.601173221906227E-5 -9.129808960220308E-5 2.572099962826128E-4 -6.530223789051945E-5 -1.3566529424216965E-4 -1.2580029208059508E-4
that -0.004435284360020239 8.047565849377121E-5 4.82451585023557E-4 0.0011656824528189214 -1.877934293381382E-4 -3.161501269907102E-5 1.7483118767828802E-5 -3.208874112983281E-4 3.8639804612452893E-4 -0.0010039751096796725 -1.6072619469611327E-4 -2.786653104667761E-4 1.0374264513449227E-4 2.4134116327832552E-4 -2.1926799865465283E-4 6.576230724387916E-4 -4.1926031566158543E-4 -2.948658983723795E-4 1.626974492315576E-5 3.787518953794676E-4
Jeep -0.0030393504268939743 3.432624574837504E-4 0.0010775544154484917 -3.4487613684756896E-4 3.579932526269415E-4 -2.140830165232909E-5 -5.7789012039286796E-5 -4.4838270769136747E-4 -1.2423292436242783E-4 -3.2365671409356495E-4 6.020795590832817E-4 -1.4341722121529414E-4 6.896112158743158E-4 3.836130676782345E-4 -3.095433252294905E-4 2.295810574348083E-4 -3.367671051137413E-4 9.284819752230747E-4 -6.130378633855413E-4 6.677665457635885E-5
it -0.0056800420742345445 2.545553187724124E-4 -7.757323589717126E-4 -1.467613673829223E-4 6.187908173625914E-5 -9.139762590374423E-4 2.6003585772692354E-4 8.953129743865494E-5 1.2691866302716882E-4 4.86980585967698E-5 2.5013578957415553E-4 7.06691502470425E-5 -1.6276454348545844E-4 6.643692306615374E-4 -5.41183998009616E-5 3.0253786314212133E-4 -1.3670055108507615E-6 7.131643116187574E-6 -1.6904837658710754E-4 -1.3064033999015255E-4
market -0.001835944817838165 9.669410093305537E-4 0.0030706088087339954 3.0672270880671546E-4 0.00129144764589174 2.532519058168776E-4 2.4749380779780187E-5 -3.401634121544309E-4 -0.0010471525023374956 -6.276636368069363E-4 1.7906588097748493E-5 5.381715181092934E-4 -3.925507550081752E-4 -4.080403479095456E-5 8.885015414888958E-5 5.332320789798882E-4 9.149978942909357E-5 -6.351517687978891E-4 -5.411698208383116E-4 -1.3717623401488888E-4
Brazil -0.004595041622043972 0.0011927716849619195 0.002364432229938347 -0.002380706364956263 0.0013909384208908835 2.577673168387494E-4 -1.0747338640132968E-4 -2.1970758621649023E-4 -2.1105740253224423E-4 1.8632531072435604E-5 2.2598297460470614E-4 5.807450290504965E-4 1.8609393150282233E-4 -3.989620257774152E-4 2.254750951616232E-5 2.3233643566342683E-5 6.87277510596394E-5 -1.3158424558946892E-4 2.4541494380038995E-4 2.843934799910853E-4
with -0.004350195778492869 6.383820590408134E-4 -5.608086662931172E-4 3.117509709831218E-5 -3.1584310905576627E-4 5.280431034191851E-5 -1.939307600356559E-4 -8.265371266152354E-4 -2.6527558606746163E-4 3.721494942439251E-4 -2.6790925747123117E-4 1.0578592307920016E-4 6.480782066344323E-5 3.293843699234964E-4 1.5945623668536614E-4 -9.644742871868063E-5 -1.293375441620862E-5 -2.095703575944926E-7 -8.025707124677795E-4 -3.3924314352149604E-4
by -0.0017762841143857224 8.292031293007974E-4 0.00255062346835436 -0.0018433302540860775 -0.0012124265475199915 -3.4169647374465604E-6 -1.1429320898961675E-4 0.001205694530446858 -0.0010346382677430177 1.6555011658621853E-4 2.753410649172471E-4 2.0469522873154793E-4 1.8731465312399562E-4 -3.8097356691617085E-4 2.6109079799594125E-4 -2.0780345428263736E-4 -1.0482898371451323E-4 -4.992848589015421E-5 1.8415900081305536E-4 2.171414226203329E-4
he -0.0014712314276851663 4.1703498171321185E-4 -7.678897731279276E-5 -7.85717608413446E-6 -6.886432686029338E-4 1.2931699210285184E-4 -3.4712032210794163E-4 -0.0012572744487742223 4.880273888054666E-5 7.687461276593259E-4 -7.531783233143421E-4 -6.294993673354764E-6 1.5554887562479527E-5 1.1932582419659529E-4 1.8196189447107302E-4 -2.4431821085716716E-4 4.1109664013951676E-4 2.024100745104777E-4 -1.0286985134622784E-4 1.4046150338614186E-4
has -6.412085782925644E-4 0.0012926507869007854 0.005024833743726109 -0.0039902628089794456 0.0021564504373006513 3.2931974430997884E-4 -1.9804215132957856E-4 -6.562276437111641E-4 -4.886901250354E-4 7.18663554114022E-5 4.6835451357172826E-4 8.656219730420976E-4 3.19197771291352E-4 -6.796855670055641E-4 3.250936027830006E-5 -4.984265371490388E-6 6.960059359771235E-5 -2.6351494375324646E-4 4.919942100034304E-4 4.13760065072198E-4
which -0.003191602797021161 0.001053711280688104 0.0025812549020374533 -0.0023851901384333973 0.0013585823680540528 2.377088267544955E-4 -1.112573545334688E-4 -2.7771725288655954E-4 -2.3844296002857617E-4 2.6794958463904216E-5 2.44326219117483E-4 5.602877473087504E-4 1.8790217526015192E-4 -4.0191179725272274E-4 2.153354506643487E-5 1.4492242636596978E-5 5.973861942596884E-5 -1.4042581914362854E-4 2.6200880453427936E-4 2.723476663418299E-4
or -0.001949251515416577 -0.0044732924047879525 3.475884730494722E-4 -4.729098874490205E-4 -1.3154219956875948E-4 0.002560117578943015 7.271092884507456E-4 -2.9126276883627376E-4 -0.0010662494456120065 5.983762129675411E-4 7.03850037183578E-5 5.093209492905384E-4 -6.004639403501E-4 4.0007227840722795E-4 -1.732027583189291E-4 -1.5339191690812143E-4 2.94356750317901E-4 2.2072921496391588E-4 1.6279245718006877E-4 -4.1904007806563943E-4
Mercosur -0.004295163348424481 9.402992368391026E-5 -4.546030867714364E-4 1.3406728858829929E-5 -2.9924779150650784E-4 2.7169254899595487E-5 -1.4649637615535445E-5 -2.141586419493215E-4 6.360324445257636E-4 -5.150716028389929E-4 -1.1913851973836702E-4 -5.268951727347579E-5 1.9236977701064328E-5 -9.678197483318556E-5 -1.6900501028767825E-4 3.8330868163729447E-4 -4.263083011697982E-4 -4.573683706352663E-4 3.36365347641813E-4 7.320126062668405E-5
year -2.909046451147125E-4 4.3270602566666886E-4 0.0018937816074075557 -6.292722599285849E-4 -0.005268406938192706 -3.880083813642292E-4 -9.715079147481116E-5 0.0035254398031531364 -0.002166369438062973 3.624150045328157E-4 2.6585626000333177E-4 -4.0502710556759234E-4 1.53609470911961E-4 -2.8012277897313247E-4 6.176827235872344E-4 -5.363778726594671E-4 -3.5414588196817177E-4 1.1658979514246186E-4 9.88794386393194E-6 9.897895735549523E-5
We -0.007017194125114057 6.95302021369081E-4 -0.001084113360495528 2.2418867385672017E-5 1.617802641841543E-4 1.002924504212705E-4 1.8919840660695634E-5 2.900483333503471E-4 1.3692778748165935E-4 -4.0812136957342834E-5 -9.171622256388484E-5 1.022864087087301E-4 -9.041218786648023E-6 1.474885737653883E-5 5.069822248637107E-6 4.3707004648728166E-5 4.4945658168353264E-5 4.420786777079829E-5 -8.296930366944732E-5 6.022906824627751E-5
rates -0.0030459500159145674 6.279256581540514E-4 0.0014686331668187476 0.0028032285099817925 6.162093604088266E-4 2.0461510374248897E-4 1.5770838521894954E-4 2.3597938653277073E-4 -8.509920394931151E-4 -8.620859910838509E-4 -8.401012836913221E-4 2.3970532356776985E-4 -9.181381972305831E-4 2.3142066347869807E-4 1.9230267077608376E-4 7.713440160381604E-4 3.99191623692842E-4 -7.702116701498801E-4 -4.2121365626839665E-4 1.8164704619749955E-4
Argentina -0.0028440314316847304 3.0637208356754347E-4 -2.9474964612855704E-4 2.3675762186425728E-5 -2.42277456952265E-4 -3.50571704350973E-5 -1.0157222508204962E-5 -6.595868418400046E-5 4.015912774709637E-4 -1.2520984232240422E-4 -1.2331608609288952E-5 -2.103484608251178E-5 1.3939453608398638E-4 -8.06715297298942E-5 -1.572388814611695E-4 -2.424362239832807E-4 2.599970496044839E-4 -1.1356504361385262E-4 6.245834022729515E-6 -3.761993005248267E-4
one -0.0016148969310547869 -6.129942095562716E-5 0.0010502736862359674 0.0016773610857232686 3.3026368678709396E-4 -2.209638918239486E-4 -9.224333051998197E-6 -1.2046595617976408E-5 3.6665153523601366E-6 1.7755918563822746E-4 1.2427470015433198E-4 -2.580731835398791E-4 2.4026671989132127E-4 1.9119866088644137E-4 -3.700641603059898E-5 7.49778266799005E-5 -3.2884285624306227E-4 2.824436931982904E-4 2.196988804213475E-5 5.198823393434056E-4
its -0.005707317888426099 5.655123107135195E-4 -8.817455332030298E-4 1.8234012140346598E-5 1.3158128153644555E-4 8.157119300929998E-5 1.5388137070699117E-5 2.3590597779161567E-4 1.1136793381841628E-4 -3.319387139197214E-5 -7.459586101862632E-5 8.319294574976713E-5 -7.3535246131403815E-6 1.1995737332918232E-5 4.123455428891496E-6 3.554836378096556E-5 3.655580197692731E-5 3.595573245358258E-5 -6.748170031781712E-5 4.898630884030571E-5
% -0.005613755300091245 5.56241617095265E-4 -8.672906883964227E-4 1.7935093908537654E-5 1.294242113473235E-4 8.02339603370164E-5 1.5135872528556503E-5 2.320386666802777E-4 1.095422299853275E-4 -3.26497095658743E-5 -7.337297805110785E-5 8.182912696698406E-5 -7.2329750293184175E-6 1.1799085901231066E-5 4.055857798909689E-6 3.4965603718982556E-5 3.595652653468259E-5 3.53662942166386E-5 -6.637544293555786E-5 4.818325459702201E-5
8 -0.00426264202979342 2.2803843052016516E-4 -5.479932791755912E-4 2.75032500114402E-5 -3.1048459804425185E-5 -7.343251656119178E-5 5.238562762037928E-6 1.591233950424617E-4 4.234380361588245E-4 -9.275123232455267E-5 -4.6557608373797826E-5 -3.167364363842666E-5 2.1541069287418034E-4 -1.3114897912813682E-4 -9.642373209852628E-6 -1.6937897245907418E-4 2.0848154185630022E-4 -2.4532796329949116E-4 -2.0258912769395313E-4 5.2249947091762655E-5
markets -0.5205561759667662 0.021041014699272855 0.0055892612363276604 5.6526112809572E-4 -0.003577600714647929 3.4767438082926826E-4 4.207531757133578E-5 -7.056240493455492E-4 9.774110297118724E-4 -6.530621848442658E-4 -6.347924529770914E-5 1.5156300907463908E-4 -2.787113737822838E-4 1.760147990772828E-5 -3.3569142506359803E-4 2.4688280748166415E-5 5.2098860847490034E-5 3.217575842164131E-6 6.971708659997189E-5 -3.6099998560251305E-4
