<OOV> -0.06665628462993288 4.061372613482173E-5 6.565793977417455E-4 0.0018584477088060534 6.943254903678004E-4 -5.950934997202486E-4 -5.636002225789337E-4 -4.302245712034312E-4 -1.7581932670768921E-4 -5.479809259717625E-4 -3.8307410523876856E-4 -4.1958624692096973E-4 -1.9522129589285447E-4 8.09892631719483E-5 -9.448726221317336E-4 2.3130960702142061E-4 2.172067778276193E-4 5.931086448372136E-5 1.0540892078050294E-4 4.307491011796461E-4
, -0.06374519754646747 3.44812408106421E-5 0.0010304998181513772 0.0022418888141646823 -0.0015291531035133072 -0.001749462981194976 0.0016183326025436997 8.86530457061617E-4 -4.070946460712272E-5 -7.369572932047171E-4 -2.463084454097741E-4 9.078908354729669E-5 5.262804451617293E-4 6.778276962874089E-4 -4.455285625455514E-4 -5.137865981209474E-5 4.4854033294662956E-4 6.474345011680166E-4 4.94466480308392E-4 3.307254006348295E-4
the -0.06003243114379387 3.197187875520674E-5 0.0011758783136257174 7.759289037157449E-4 -1.3498635874814864E-4 -0.0010465300091937891 0.004171100008010744 -0.002082986473025817 7.866492591568479E-5 8.63221993823915E-4 1.7327548955729932E-4 0.0012284049161948342 -0.0020798022732880423 -0.001656972242431065 -3.0859380547989987E-4 3.7616963121343995E-4 -0.0012839642514519039 -4.083143122971535E-4 -3.523445233388859E-4 -0.0011935246937396576
in -0.06335704929716594 3.4192436056562793E-5 8.984746649476293E-4 0.0014714789434668487 -1.2069030712681404E-4 -0.002391957361286996 6.90541225466329E-4 0.0011070001681414378 -5.140491260346678E-4 -4.921127378108224E-4 -8.224115151041474E-4 -4.141643203102934E-4 6.956425194554288E-4 -0.0010197963672447536 -8.612728500863177E-4 2.2593795638318166E-4 -6.730297932766618E-6 -2.2327701394584862E-4 -6.598430732457787E-4 -0.0013923679784408974
of -0.06226461812856452 4.0162626967060916E-5 -6.304991512399024E-4 3.0026500419068293E-4 4.932122554584576E-4 -0.0025930577669499625 -0.003948911416917528 0.002301947009254763 1.399645687029159E-4 -7.237756144034569E-4 -0.0016341184108717235 -0.0013954668657034234 -5.43254293213656E-4 -0.0024516883304111265 0.0015161765883253632 4.2551321731659895E-5 3.900566848509701E-4 7.040854170108836E-5 -5.210815058331177E-4 -0.0013327881409062083
and -0.06581585837865331 3.695607279787401E-5 0.0010321378823563354 0.0023440391591087943 4.6392704864808645E-6 -0.0016670692369010716 5.384601713927316E-4 -4.0518357955967846E-5 -5.60267198089993E-4 -8.555716333539647E-4 -9.988575321889918E-4 8.275188659251102E-5 -0.001095792923536392 7.272231294080493E-5 -0.0011432917094888408 3.170526053690651E-4 2.496132595043094E-4 2.72881672813451E-4 -6.582494291581976E-4 -6.934540138432006E-4
" -0.06181926533882623 3.494684145449023E-5 0.001057072549446359 -0.0036069007901996853 -0.001999221452493311 -0.0013479463509062837 0.0016206771395652715 0.0019002156880587396 -0.0011068238670649449 -0.001654407871845807 -6.980725915661236E-4 2.9355839878767245E-4 0.0030427848157621278 0.0019885894311460145 -0.002975554622104999 -0.002617529378462829 -9.465696338875833E-5 -0.0018619514582831178 3.5839908536585785E-4 4.229188131605643E-4
a -0.0599447664753997 3.669631120841282E-5 0.001238982116583963 -0.0011123495137174704 6.1225013244192E-4 -4.055743170514787E-6 0.0012582766718630288 -0.0015037314194159717 0.003758711178041485 0.0026771364090436662 0.001699088953362007 0.0018063784466133934 -5.194945977716926E-4 1.624658189998098E-4 -0.002352154373033178 3.885064185201292E-4 -0.002989988045357643 4.109549376111826E-4 -6.074250769565922E-4 5.343538624870147E-4
to -0.06190572705840185 3.205631001515804E-5 6.161038059623191E-4 0.0019664692282257714 -8.203688099964538E-4 -0.002417954587764037 0.004137769731708668 1.5429045648378896E-4 -0.001249788738671866 -0.0014764628602588795 0.0023677075349400555 -0.0017248094549355945 -3.6627464546598436E-4 -0.0013895616401626372 5.393707819736467E-4 -6.012060479503932E-4 1.9580501738987398E-4 3.810500956237803E-4 -5.150457766169959E-6 -2.221246505818345E-4
's -0.06416276758216384 4.283041526310068E-5 8.180486729136174E-4 0.002608985557705586 7.054473560698597E-4 -0.003159483550518226 -0.004831120768823994 0.002652322107751943 0.0033370096006410605 -4.83317791386293E-4 2.752190306150046E-4 -6.225812862513187E-4 -0.0014084338608577106 7.834073585524879E-5 -9.620783686033455E-5 -4.1140408963865287E-4 0.0015009221800845098 -2.470988095949131E-4 6.360188313953256E-6 -5.546320960743037E-4
will -0.06595563775621092 4.301916866906317E-5 0.0010848087836212428 0.0016292854861503967 0.0016836646211894966 -4.1023630111833775E-4 -0.0018817440451880665 -0.0015358778399275784 7.957487861429245E-4 -9.727823561926047E-4 -8.71530730819358E-4 5.916022199607382E-4 -0.002813436099271693 -3.4129722846211257E-4 -0.0029065031257321703 4.2892224843587635E-4 0.0016276846397655015 0.0011103348981380476 -0.004247831945160058 8.75139934574293E-5
Chrysler -0.056910735343449904 3.2409488949801784E-5 0.0010401932855452507 0.002183930940697923 0.0017950217764574601 0.0017598920261580801 0.0031065954869100073 0.0020531104400199145 7.819141378175705E-4 0.0025858125980661156 -0.001182822051823793 3.094784427943793E-5 6.423604423164176E-4 -1.5446392480850368E-4 -9.744301289523627E-4 0.0012117632009039842 -7.52042128980743E-4 4.490614090379624E-4 0.0011148809497920204 -0.0015466014841942282
at -0.06477981218267637 4.30310940903878E-5 9.397926919136588E-4 -2.6538471093427756E-4 0.0016493112946913736 -4.395778715711259E-4 -0.0010805283106932464 -0.0021630925412511447 -0.0020865763427651137 0.0034911763335779386 6.565972631427683E-4 5.46166151010283E-4 0.0011634474840481984 3.5457696853120885E-4 -0.001785723897512384 0.0025002949728315355 -0.002740100327014821 0.0011298983105913142 -5.082883858559148E-4 0.0013908167176547323
said -0.06281835545386252 4.0844939958350796E-5 0.0011386009246357246 0.004478466572333328 -0.004103036386593702 0.0015843446774034653 -0.0023601073660973093 -0.0019430832776110123 4.512633991833237E-4 -3.8189305337272097E-4 -7.131485348617282E-4 5.74278910778242E-4 -0.003766619198608025 0.0021965345540413653 5.145497483952772E-4 -0.0015447028927695842 -9.698793473086442E-4 3.0016952987284165E-4 2.680667933719994E-4 -7.060486856024261E-4
The -0.06617164814125459 3.7383079273195265E-5 0.0010134062286243867 0.0020212437455706476 2.472146429253195E-4 -9.281631911491206E-4 4.3654669216572703E-4 -2.1083929754057526E-4 -6.632796368902618E-4 -1.761268780990221E-4 -4.7850438321845137E-4 7.629215938668169E-5 -7.53739591705713E-4 5.20063678972597E-4 -0.0012935782224124711 7.181658519408912E-4 -4.311040816076146E-4 8.204247455751406E-4 -3.8954166727103625E-4 9.561386331981062E-4
million -0.02784532579351118 3.390721778051184E-5 -0.06645731653599578 -5.28296492130647E-4 -6.617000722785127E-4 5.910714940687058E-4 7.124840779158549E-4 -2.311078324261076E-4 6.05050728843321E-4 7.669429804467647E-4 -8.690677223513023E-4 0.0023719686617553037 -8.280881846144765E-4 2.3147522594890442E-4 -5.237477986223398E-4 5.159989621745681E-5 9.621404364829786E-4 5.7544582681846685E-5 2.5983907794414646E-4 -9.037570035639773E-5
for -0.06657902242447945 3.517734438765333E-5 9.418972095616484E-4 0.0015935286375764993 -2.3225065061803247E-5 -0.00144398152796191 0.0010835519092843007 1.295073145629769E-4 -7.246256656329369E-4 -6.477514238315898E-4 -5.839262956322127E-4 -2.977914763086078E-4 1.1185293583028426E-4 -6.965180217708214E-4 -8.15924143770288E-4 4.732067833761849E-4 1.2513961751160166E-4 3.042746113314184E-5 -5.396350099396813E-5 1.2424395634166342E-4
$ -0.055134280657708604 2.5201471676744058E-5 0.0011547742858675205 0.0016354239993067814 -0.002170663745773938 -0.0032654099393334256 0.00830516081894508 -2.718498396313093E-4 -0.001330646915521635 -9.018364788654953E-4 0.0023414416907905308 7.591084212534172E-4 -0.002027263347720314 -0.0033723552354994156 0.001883832300863474 -0.00176530210152604 2.772879535128662E-4 0.0010245247499797386 5.075641882379186E-4 9.314142031174372E-5
said. -0.07035384336165211 5.157733978673905E-5 7.142595082399913E-4 0.00317133378002228 0.002631840995710388 6.527932544178075E-4 -0.006725897674950577 -0.001999791817585122 0.0021877434090242574 -8.37640870168963E-4 1.749688788468168E-4 -0.0023438611843338464 -0.00462927890452705 0.002321269151384692 5.236822637011826E-4 -0.0029271845477723815 -6.7887324741782E-4 -8.697908104416637E-4 0.0017265410677376664 -3.7024468940153053E-4
Tuesday -0.05568012696347365 3.77876852141086E-5 -0.012869825164189216 0.001445032051196503 0.0013522633657961644 5.917091773202085E-4 0.002152922629008986 -0.0018600870495471286 -0.0020565790281793827 -0.0026141744842189544 0.008163495018373861 -0.009646888231343683 0.0022143815632675763 0.0029447458055602287 1.850174731059961E-5 9.444365155188337E-4 -0.0010133660196339073 -7.860108660702376E-4 -9.387526858626447E-4 -0.0011227870633174273
was -0.06862842211969765 4.2046206426733634E-5 0.0010366104610742913 0.0030947905284397417 0.0010111339624043517 -0.001401353015703001 -0.0013692763792877995 0.0010149210002196977 6.348479099956626E-4 -7.99664258967805E-4 -0.0010774226251595563 -6.256171323739799E-4 -8.86939488040222E-4 6.126016992138284E-4 -0.002746191130112286 0.0017601447498443016 0.0024749675544169453 0.0012054819087161874 -7.062569869810551E-4 0.0013331745911178896
about -0.06327232221083177 3.9346071344223754E-5 9.245619530314683E-4 7.178112605547545E-4 0.0013591917901906178 9.068401755114507E-4 7.321306409663033E-4 -0.003222170271598053 9.143630968853686E-4 9.558863358107103E-4 2.0157804225561174E-4 -4.796861325637656E-4 -0.0016213071745405502 7.614597050039382E-4 0.0011621936364773551 9.601227862444134E-4 -5.53322197977183E-4 -0.001646010877224604 -8.010907613748827E-4 0.0020202888687548886
from -0.054723852187374224 2.9655331062062445E-5 0.0011974638517191355 0.0020138011294238713 2.988318912516935E-4 -6.718589240118614E-4 0.005183479937193822 -0.0020426127491066214 0.0014645555266268038 0.003743975431464604 -0.002705568251559929 0.0010217037566567003 0.0034739866926207954 0.0013696347286518834 0.0018322577164083468 0.0010955841298329373 -0.001028792577735579 0.0014351543917205081 -5.740741437497721E-4 -0.0038530365875137644
is -0.06123839066519222 3.960592256544625E-5 9.491631752778093E-4 0.002609555731507545 0.0018608795968509749 -0.002427949038545704 -0.005682816546978602 -0.0016590992042776428 -0.010387778625506886 0.00820264070303494 0.004953948127307099 0.004470565540264539 4.981476939179835E-4 0.0014985347719879496 1.5546631918989003E-4 -5.777318438695276E-4 7.135626234526894E-4 1.0863962377103191E-4 6.918595645496144E-4 8.890986691610639E-4
be -0.0663199236399187 4.593108149376914E-5 9.609671362684999E-4 0.004479927907550463 0.006057417151210938 0.007160354719514686 -0.0037000871716465996 -0.00242515002917891 -0.0013903872092173907 -0.00955942864793611 0.0022367559910158622 0.0068655321634346275 0.002457217548927545 -3.828138528939474E-4 0.0014285317397237398 8.989437165672706E-4 -3.472286376571375E-4 1.0734174358810987E-4 -2.882963136815439E-4 -5.426239309831641E-4
on -0.06240736746831341 3.648576393683723E-5 0.0010249833627248336 0.0031551253316695464 7.266680493147744E-4 -4.7546157712861095E-4 0.002232160882060841 -0.0032863737785951857 9.89020305376987E-4 0.0011224833357563408 -0.0030509310509923555 -6.214260049891795E-4 0.003478726698774294 0.0026936980496318486 0.0036168509899855554 -3.009294440894114E-4 0.0029882054084935062 -0.0014730083130766504 -0.001210245624292516 0.0022766170065324064
plant -0.07045231911816133 4.532355933203847E-5 7.359142193419247E-4 0.0010653949749580042 0.001221370957475597 -0.002009939329075553 -0.0036879477471423983 0.0011659102205636212 -9.351976900638122E-4 -0.0013190424238248774 -0.0017209185437740222 -0.0017660970387375526 5.895384615228198E-4 -0.0018288328182046144 -0.001089383724603264 5.701492860475383E-4 0.0010347395437667398 -4.706247939377842E-4 -0.0012491342984536663 -2.122312149853135E-4
Mexico -0.05896733613952406 2.9698273582222234E-5 0.0011164515183736477 -0.0016221284268753675 -0.001325276240840308 -0.0013826348008201311 0.003000484792166069 8.079655802748428E-4 7.080534947787428E-4 -1.212028166156977E-4 5.981965725752915E-4 0.0013984899866290976 0.001427067210335472 8.717797797846761E-4 -0.003364951766448154 -0.0019165744591328807 -0.002229123420776237 -0.0013256577580837287 -5.539555907797466E-4 4.303862580211493E-4
. -0.16639229717544626 1.0832182333988377E-4 0.003278274828702086 -0.03149150851047566 -0.0048073738739323095 0.00387786660636698 -2.42972009304253E-4 0.0010395978689641653 -5.648502600675363E-4 -5.798118394512185E-4 -2.532449737391856E-4 8.557763456882927E-4 2.0147466394637912E-4 9.523690374576432E-4 3.8240819963005477E-4 -4.827778484772824E-4 0.001071080783262299 -2.341540642035076E-4 3.563492648713151E-4 -4.6204048559229206E-4
Corp. -0.05266320705946897 3.0210588375095268E-5 9.078114231806469E-4 0.0021781800926034935 -6.383785193641978E-4 -8.242911336389192E-4 4.790537735970589E-4 -8.811668526197131E-4 -2.060739596675402E-4 -5.264527874672885E-4 -6.523544940481723E-4 7.603321312800992E-4 -0.002099141269140317 0.0012504458012692955 1.5238036186096445E-4 -6.621969206504921E-4 -5.742156514295253E-4 4.457493504166525E-4 -9.693025262843866E-5 -5.88549523625947E-4
that -0.060946219106743034 3.872712710896596E-5 0.0011166139010312251 0.0028102518251635275 0.001234715175178005 7.467940302927023E-5 0.0017228741685002033 -0.002462157612442992 9.563109744449926E-4 0.002044478591518364 -0.0025174745713401506 1.0770220672797246E-4 -4.801699635353477E-5 0.0010854270248985762 0.0016941491692698133 0.0018001248450231363 3.607106039671593E-4 -0.0020488494082885386 5.455549128353976E-4 -1.8204543396635293E-4
Jeep -0.055958218681443586 3.928459813549431E-5 -0.010542308903149163 -2.478407197009845E-4 1.9278132809582945E-4 -0.0032409210153501976 -0.004525523465851675 0.0031278981538369996 -7.150710209718205E-4 -8.252102136017017E-4 -0.00443206278372854 -0.001357101991184487 0.0021981356913573454 -0.004358485691711255 0.002824090803593906 -0.0015180314246048727 -0.004605299458991957 5.58893820769229E-4 -4.387075533798523E-4 0.001973590879459823
it -0.06587316026794064 5.057679040810683E-5 8.947316972418482E-4 0.0017908340342871144 0.007439972969116776 0.006395764142623531 -0.0013810599784900473 -0.010757110515922728 0.005520535849805605 0.00405665064399194 3.6608440620201216E-4 -0.001555485196962861 0.004176753867196027 -0.004360082601740812 -0.002119555938263466 -0.003381314272271102 0.0015157730950918036 7.121072193610917E-4 9.405204863995703E-4 -1.233159103569446E-4
market -0.05791308272838754 3.8594674403285336E-5 4.259801693416446E-4 8.56921977089985E-4 0.0012890855748869737 -0.004880518141499597 -0.007120450359770238 0.003243111040298228 -0.0034681262110836807 0.0027353527215929975 0.0011100247824045997 -5.4651003880601335E-5 7.969076727242444E-4 -0.0030025049346495284 0.0017780849970486584 -9.106099959073356E-4 0.0011641273209861511 -0.0011533452540409292 -9.531215101267798E-4 -0.0026967894409806697
Brazil -0.05287919530629534 3.189155644488648E-5 9.591129506955184E-4 0.003927657822675377 0.006382451471349976 0.010598252109712734 0.004594850991288553 0.012525871824025618 -2.2596747801377715E-4 0.004982685323969664 -0.001308430197740549 -0.0013309329933559723 -0.0016145508692690725 2.986061693841746E-4 -4.135721721437319E-4 -9.295962261039294E-4 3.737244013310655E-4 3.6321761209126304E-5 -7.990975911011395E-4 2.728358298823334E-4
with -0.05768395722539172 2.9951478503675707E-5 0.001153514543780519 0.0011644644866147299 -8.657143242625284E-5 -0.0016227479421446504 0.00677938934643001 -0.003164635609351665 -6.927069402049776E-4 6.581301038356583E-4 5.558357901406882E-5 8.188682918894723E-4 -0.002746829666445416 -0.002647047664687658 0.002880450518062581 4.631631792301234E-4 8.701900795009088E-5 -0.004493656929729782 -8.93977155374439E-4 6.92794646345928E-4
by -0.05119366370225148 3.084548787532603E-5 0.0010085883339944002 0.0017363916924397359 -0.002167546304472898 -0.006792108275571934 -0.0026771463678802823 0.006647615467434179 0.01147171215218018 0.0020702112395849415 0.006668214746464272 0.0039014562797066946 0.0019785112120457088 8.234811636336153E-4 0.0015827429791772283 8.068341989612165E-4 1.2392886403892101E-4 -7.272584099404086E-4 1.2571642228409647E-4 5.544407857904732E-4
he -0.05867635994893026 3.811804661255375E-5 9.167648454953223E-4 0.0032329562292639107 -0.0015541067767760282 -0.0014930470135124149 7.556038012242919E-4 -0.001601464701908073 -3.813865185739327E-5 1.7255090044930016E-4 -0.0031663489038583565 2.4827652736233736E-4 0.002054584844716079 0.006205247039672131 0.003478209241985426 -0.0010509605081324676 -5.396120150497682E-4 0.002246336874618683 -8.24051906155698E-4 -7.448580070318876E-5
has -0.0663461385435599 4.2505908821550053E-5 0.0010790573029430975 0.0032177328446170673 2.7037693373755967E-4 -3.106916148389251E-4 -0.002166529220415944 -0.001829763281056382 8.503534210850488E-4 -7.079741293690594E-4 -5.868999733764089E-4 2.518860301732175E-4 -0.004150131043802548 0.002602540272765663 8.661972732473098E-5 -0.001958023488664508 -0.0010130867061802148 7.16229397563612E-5 8.163369740311976E-4 -5.461762636196292E-4
which -0.059381392970554406 3.95813076049794E-5 6.552492749980041E-4 0.003940991537586058 0.007729377477686501 0.0114615520955813 8.580356016022652E-4 0.005820140836473244 -7.97011496843426E-4 -0.001272603836423918 0.0015589592714002844 4.1881332942339723E-4 4.399509135109349E-4 1.956054445660257E-4 0.0017573104416536537 -3.547781828670667E-4 -3.051869175584877E-4 -5.504904376718997E-4 4.6235421966495837E-4 3.511586739738804E-4
or -0.06343621479064895 3.0352575732111555E-5 0.001016796111422631 0.0015826343527892493 -8.297664318635108E-4 -0.0017589534588281052 0.00277896315918383 4.493261269015283E-4 -5.408437425815731E-4 -5.887486880605231E-4 -1.5704876284718678E-4 3.308817422024508E-4 5.714667101508918E-5 -3.0392526448077856E-4 -7.995417363673691E-4 1.1902255827358245E-4 -6.0747505108868E-5 1.1079582352222188E-4 1.126965595334034E-5 -2.587913525689149E-4
Mercosur -0.06619441236505 4.426821408379079E-5 6.010071125730957E-4 0.0024146245814372627 8.319181722221738E-5 -0.0027828194018807775 -0.002822370797403283 0.0030730561769226586 -1.7655235587866366E-4 -8.79555417649886E-4 -0.0021553068714170983 -0.0022462738787957038 0.0023405324974426545 6.361908753511639E-4 -1.8665554945983254E-4 0.0016267223849573652 9.380226771646448E-4 5.642306486855405E-4 0.002685309988945375 2.497668060324646E-4
year -0.06670808716752676 4.296021115725468E-5 4.997899556452387E-4 0.00120863756646152 8.779172773111865E-4 -0.002422250936731238 -0.0032854018433586354 0.0014538380810359332 -0.0012026558661244087 -0.0013527054179049095 -0.0013965238345324442 -0.0027576522599089453 0.002482723274781009 -4.7070936869194013E-4 -6.847436443876084E-4 2.1231464749006944E-4 -0.00105861652176166 -0.001031899087387736 6.336201515668891E-4 0.0011457676032577049
We -0.05291028373478615 3.133314294756061E-5 0.0012851919678504716 0.009807123048856503 -0.024379116315588516 0.010641155121644307 -0.003440192112500171 -4.020332836759561E-4 -8.081469434581833E-5 0.001220147336900239 5.923803445278075E-4 -5.3488946963626E-4 0.0012311268344820537 -0.0017880503792556052 -1.7498930993771147E-4 5.328424862666854E-4 1.7615550396753502E-4 -3.742404354301165E-4 -2.4290446040945116E-4 3.455880314198379E-5
rates -0.06626243560518795 3.583345833518927E-5 9.976869879004579E-4 0.0018981644147706043 1.2952948566847955E-4 -0.0011152983679713064 0.001044350071040203 8.124218790112393E-4 4.465517244098115E-5 -4.914011439664263E-4 -3.932955447250486E-4 -8.561047436997532E-5 -4.6099231727123253E-4 -1.1030092333653803E-4 -0.0014308660056805765 3.989783680676062E-4 4.99312224222744E-4 4.857498114114592E-4 -4.5569640456694565E-4 6.863780131821402E-4
Argentina -0.06481389907073841 3.500820858090512E-5 9.85951659484221E-4 0.002387030652274931 0.0011496326397005272 5.262150429314393E-4 8.195971106924025E-4 -5.679606633777745E-4 -0.001167906936232175 -0.004160926829996581 6.685013559268472E-4 0.0028676040920259443 0.0012852829936246977 -4.35880490192321E-4 -3.1452481482315984E-4 0.0011031932903118906 -3.4453984770566206E-4 -1.567945693543091E-4 1.9486627509141447E-4 -5.111383699914505E-4
one -0.056146378638109444 2.5540088747254977E-5 0.0010420347131330611 0.0025340159498899563 -0.0027891797744539356 -0.0035893974281095593 0.0064622883829263565 0.0017697507537306632 -0.001293147251168451 -0.001915628241904855 0.002474175865786814 -1.0566234461757375E-4 1.508986171093496E-4 -0.001607949622848006 0.0014663224441069749 -0.002461098638204964 0.0016022229195573924 0.003732103549035444 0.0010796710942974801 0.0015552236717469039
its -0.06105213229111233 4.507121356691038E-5 6.184938702999597E-4 -0.0076418349069715995 0.001966207055677245 0.003785796342968931 -0.0031821347560173118 -0.002911417213312834 0.0019632925319578005 0.0015686238171202607 0.0018445406818144374 -0.002488431901147471 -0.003117380456115472 -0.001832794181851604 0.003535798495530468 0.0031001176319657557 -4.620014004402771E-4 0.002726295554933779 -1.201770537094023E-4 8.67843825055324E-4
% -0.0011225343491660944 -0.11655686623131113 -1.0760072296057243E-5 -2.438821812509559E-6 2.1180658800849993E-6 2.52706336884282E-6 -4.767908807661182E-6 -1.1651992121842159E-6 7.927234412217265E-7 5.233348860279579E-7 -1.24435456565452E-7 -5.059955965983846E-7 -2.3167975864255035E-9 2.95197747959575E-7 4.1093562910572737E-7 -1.5896978763188206E-8 4.907185417244559E-8 5.136960400207782E-8 1.4197407182393845E-7 3.137798181119919E-8
8 -0.06343621479064895 3.0352575732111555E-5 0.001016796111422631 0.0015826343527892493 -8.297664318635108E-4 -0.0017589534588281052 0.00277896315918383 4.493261269015283E-4 -5.408437425815731E-4 -5.887486880605231E-4 -1.5704876284718678E-4 3.308817422024508E-4 5.714667101508918E-5 -3.0392526448077856E-4 -7.995417363673691E-4 1.1902255827358245E-4 -6.0747505108868E-5 1.1079582352222188E-4 1.126965595334034E-5 -2.587913525689149E-4
markets -0.07014214432205873 4.1912743366892945E-5 0.00115646802061229 0.002678354569644602 6.877781706216642E-4 -9.418222328365171E-4 0.001893414862984472 -0.0010713623253552748 -3.310256155183681E-4 -2.8693900889272255E-4 -0.0015800900978410089 -2.0120413772685888E-5 -0.001535714707594917 -7.836031001657774E-4 -0.0014808978697369143 0.0029800773194227762 5.724925470031567E-4 -7.878694895452578E-4 0.004502128767100941 -4.945410949730485E-5
<OOV> -0.06374519754646747 3.44812408106421E-5 0.0010304998181513772 0.0022418888141646823 -0.0015291531035133072 -0.001749462981194976 0.0016183326025436997 8.86530457061617E-4 -4.070946460712272E-5 -7.369572932047171E-4 -2.463084454097741E-4 9.078908354729669E-5 5.262804451617293E-4 6.778276962874089E-4 -4.455285625455514E-4 -5.137865981209474E-5 4.4854033294662956E-4 6.474345011680166E-4 4.94466480308392E-4 3.307254006348295E-4
, -0.06003243114379387 3.197187875520674E-5 0.0011758783136257174 7.759289037157449E-4 -1.3498635874814864E-4 -0.0010465300091937891 0.004171100008010744 -0.002082986473025817 7.866492591568479E-5 8.63221993823915E-4 1.7327548955729932E-4 0.0012284049161948342 -0.0020798022732880423 -0.001656972242431065 -3.0859380547989987E-4 3.7616963121343995E-4 -0.0012839642514519039 -4.083143122971535E-4 -3.523445233388859E-4 -0.0011935246937396576
the -0.06335704929716594 3.4192436056562793E-5 8.984746649476293E-4 0.0014714789434668487 -1.2069030712681404E-4 -0.002391957361286996 6.90541225466329E-4 0.0011070001681414378 -5.140491260346678E-4 -4.921127378108224E-4 -8.224115151041474E-4 -4.141643203102934E-4 6.956425194554288E-4 -0.0010197963672447536 -8.612728500863177E-4 2.2593795638318166E-4 -6.730297932766618E-6 -2.2327701394584862E-4 -6.598430732457787E-4 -0.0013923679784408974
in -0.06226461812856452 4.0162626967060916E-5 -6.304991512399024E-4 3.0026500419068293E-4 4.932122554584576E-4 -0.0025930577669499625 -0.003948911416917528 0.002301947009254763 1.399645687029159E-4 -7.237756144034569E-4 -0.0016341184108717235 -0.0013954668657034234 -5.43254293213656E-4 -0.0024516883304111265 0.0015161765883253632 4.2551321731659895E-5 3.900566848509701E-4 7.040854170108836E-5 -5.210815058331177E-4 -0.0013327881409062083
of -0.06581585837865331 3.695607279787401E-5 0.0010321378823563354 0.0023440391591087943 4.6392704864808645E-6 -0.0016670692369010716 5.384601713927316E-4 -4.0518357955967846E-5 -5.60267198089993E-4 -8.555716333539647E-4 -9.988575321889918E-4 8.275188659251102E-5 -0.001095792923536392 7.272231294080493E-5 -0.0011432917094888408 3.170526053690651E-4 2.496132595043094E-4 2.72881672813451E-4 -6.582494291581976E-4 -6.934540138432006E-4
and -0.06181926533882623 3.494684145449023E-5 0.001057072549446359 -0.0036069007901996853 -0.001999221452493311 -0.0013479463509062837 0.0016206771395652715 0.0019002156880587396 -0.0011068238670649449 -0.001654407871845807 -6.980725915661236E-4 2.9355839878767245E-4 0.0030427848157621278 0.0019885894311460145 -0.002975554622104999 -0.002617529378462829 -9.465696338875833E-5 -0.0018619514582831178 3.5839908536585785E-4 4.229188131605643E-4
" -0.0599447664753997 3.669631120841282E-5 0.001238982116583963 -0.0011123495137174704 6.1225013244192E-4 -4.055743170514787E-6 0.0012582766718630288 -0.0015037314194159717 0.003758711178041485 0.0026771364090436662 0.001699088953362007 0.0018063784466133934 -5.194945977716926E-4 1.624658189998098E-4 -0.002352154373033178 3.885064185201292E-4 -0.002989988045357643 4.109549376111826E-4 -6.074250769565922E-4 5.343538624870147E-4
a -0.06190572705840185 3.205631001515804E-5 6.161038059623191E-4 0.0019664692282257714 -8.203688099964538E-4 -0.002417954587764037 0.004137769731708668 1.5429045648378896E-4 -0.001249788738671866 -0.0014764628602588795 0.0023677075349400555 -0.0017248094549355945 -3.6627464546598436E-4 -0.0013895616401626372 5.393707819736467E-4 -6.012060479503932E-4 1.9580501738987398E-4 3.810500956237803E-4 -5.150457766169959E-6 -2.221246505818345E-4
to -0.06416276758216384 4.283041526310068E-5 8.180486729136174E-4 0.002608985557705586 7.054473560698597E-4 -0.003159483550518226 -0.004831120768823994 0.002652322107751943 0.0033370096006410605 -4.83317791386293E-4 2.752190306150046E-4 -6.225812862513187E-4 -0.0014084338608577106 7.834073585524879E-5 -9.620783686033455E-5 -4.1140408963865287E-4 0.0015009221800845098 -2.470988095949131E-4 6.360188313953256E-6 -5.546320960743037E-4
's -0.06595563775621092 4.301916866906317E-5 0.0010848087836212428 0.0016292854861503967 0.0016836646211894966 -4.1023630111833775E-4 -0.0018817440451880665 -0.0015358778399275784 7.957487861429245E-4 -9.727823561926047E-4 -8.71530730819358E-4 5.916022199607382E-4 -0.002813436099271693 -3.4129722846211257E-4 -0.0029065031257321703 4.2892224843587635E-4 0.0016276846397655015 0.0011103348981380476 -0.004247831945160058 8.75139934574293E-5
will -0.056910735343449904 3.2409488949801784E-5 0.0010401932855452507 0.002183930940697923 0.0017950217764574601 0.0017598920261580801 0.0031065954869100073 0.0020531104400199145 7.819141378175705E-4 0.0025858125980661156 -0.001182822051823793 3.094784427943793E-5 6.423604423164176E-4 -1.5446392480850368E-4 -9.744301289523627E-4 0.0012117632009039842 -7.52042128980743E-4 4.490614090379624E-4 0.0011148809497920204 -0.0015466014841942282
Chrysler -0.06477981218267637 4.30310940903878E-5 9.397926919136588E-4 -2.6538471093427756E-4 0.0016493112946913736 -4.395778715711259E-4 -0.0010805283106932464 -0.0021630925412511447 -0.0020865763427651137 0.0034911763335779386 6.565972631427683E-4 5.46166151010283E-4 0.0011634474840481984 3.5457696853120885E-4 -0.001785723897512384 0.0025002949728315355 -0.002740100327014821 0.0011298983105913142 -5.082883858559148E-4 0.0013908167176547323
at -0.06281835545386252 4.0844939958350796E-5 0.0011386009246357246 0.004478466572333328 -0.004103036386593702 0.0015843446774034653 -0.0023601073660973093 -0.0019430832776110123 4.512633991833237E-4 -3.8189305337272097E-4 -7.131485348617282E-4 5.74278910778242E-4 -0.003766619198608025 0.0021965345540413653 5.145497483952772E-4 -0.0015447028927695842 -9.698793473086442E-4 3.0016952987284165E-4 2.680667933719994E-4 -7.060486856024261E-4
said -0.06617164814125459 3.7383079273195265E-5 0.0010134062286243867 0.0020212437455706476 2.472146429253195E-4 -9.281631911491206E-4 4.3654669216572703E-4 -2.1083929754057526E-4 -6.632796368902618E-4 -1.761268780990221E-4 -4.7850438321845137E-4 7.629215938668169E-5 -7.53739591705713E-4 5.20063678972597E-4 -0.0012935782224124711 7.181658519408912E-4 -4.311040816076146E-4 8.204247455751406E-4 -3.8954166727103625E-4 9.561386331981062E-4
The -0.02784532579351118 3.390721778051184E-5 -0.06645731653599578 -5.28296492130647E-4 -6.617000722785127E-4 5.910714940687058E-4 7.124840779158549E-4 -2.311078324261076E-4 6.05050728843321E-4 7.669429804467647E-4 -8.690677223513023E-4 0.0023719686617553037 -8.280881846144765E-4 2.3147522594890442E-4 -5.237477986223398E-4 5.159989621745681E-5 9.621404364829786E-4 5.7544582681846685E-5 2.5983907794414646E-4 -9.037570035639773E-5
million -0.06657902242447945 3.517734438765333E-5 9.418972095616484E-4 0.0015935286375764993 -2.3225065061803247E-5 -0.00144398152796191 0.0010835519092843007 1.295073145629769E-4 -7.246256656329369E-4 -6.477514238315898E-4 -5.839262956322127E-4 -2.977914763086078E-4 1.1185293583028426E-4 -6.965180217708214E-4 -8.15924143770288E-4 4.732067833761849E-4 1.2513961751160166E-4 3.042746113314184E-5 -5.396350099396813E-5 1.2424395634166342E-4
for -0.055134280657708604 2.5201471676744058E-5 0.0011547742858675205 0.0016354239993067814 -0.002170663745773938 -0.0032654099393334256 0.00830516081894508 -2.718498396313093E-4 -0.001330646915521635 -9.018364788654953E-4 0.0023414416907905308 7.591084212534172E-4 -0.002027263347720314 -0.0033723552354994156 0.001883832300863474 -0.00176530210152604 2.772879535128662E-4 0.0010245247499797386 5.075641882379186E-4 9.314142031174372E-5
$ -0.07035384336165211 5.157733978673905E-5 7.142595082399913E-4 0.00317133378002228 0.002631840995710388 6.527932544178075E-4 -0.006725897674950577 -0.001999791817585122 0.0021877434090242574 -8.37640870168963E-4 1.749688788468168E-4 -0.0023438611843338464 -0.00462927890452705 0.002321269151384692 5.236822637011826E-4 -0.0029271845477723815 -6.7887324741782E-4 -8.697908104416637E-4 0.0017265410677376664 -3.7024468940153053E-4
said. -0.05568012696347365 3.77876852141086E-5 -0.012869825164189216 0.001445032051196503 0.0013522633657961644 5.917091773202085E-4 0.002152922629008986 -0.0018600870495471286 -0.0020565790281793827 -0.0026141744842189544 0.008163495018373861 -0.009646888231343683 0.0022143815632675763 0.0029447458055602287 1.850174731059961E-5 9.444365155188337E-4 -0.0010133660196339073 -7.860108660702376E-4 -9.387526858626447E-4 -0.0011227870633174273
Tuesday -0.06862842211969765 4.2046206426733634E-5 0.0010366104610742913 0.0030947905284397417 0.0010111339624043517 -0.001401353015703001 -0.0013692763792877995 0.0010149210002196977 6.348479099956626E-4 -7.99664258967805E-4 -0.0010774226251595563 -6.256171323739799E-4 -8.86939488040222E-4 6.126016992138284E-4 -0.002746191130112286 0.0017601447498443016 0.0024749675544169453 0.0012054819087161874 -7.062569869810551E-4 0.0013331745911178896
was -0.06327232221083177 3.9346071344223754E-5 9.245619530314683E-4 7.178112605547545E-4 0.0013591917901906178 9.068401755114507E-4 7.321306409663033E-4 -0.003222170271598053 9.143630968853686E-4 9.558863358107103E-4 2.0157804225561174E-4 -4.796861325637656E-4 -0.0016213071745405502 7.614597050039382E-4 0.0011621936364773551 9.601227862444134E-4 -5.53322197977183E-4 -0.001646010877224604 -8.010907613748827E-4 0.0020202888687548886
about -0.054723852187374224 2.9655331062062445E-5 0.0011974638517191355 0.0020138011294238713 2.988318912516935E-4 -6.718589240118614E-4 0.005183479937193822 -0.0020426127491066214 0.0014645555266268038 0.003743975431464604 -0.002705568251559929 0.0010217037566567003 0.0034739866926207954 0.0013696347286518834 0.0018322577164083468 0.0010955841298329373 -0.001028792577735579 0.0014351543917205081 -5.740741437497721E-4 -0.0038530365875137644
from -0.06123839066519222 3.960592256544625E-5 9.491631752778093E-4 0.002609555731507545 0.0018608795968509749 -0.002427949038545704 -0.005682816546978602 -0.0016590992042776428 -0.010387778625506886 0.00820264070303494 0.004953948127307099 0.004470565540264539 4.981476939179835E-4 0.0014985347719879496 1.5546631918989003E-4 -5.777318438695276E-4 7.135626234526894E-4 1.0863962377103191E-4 6.918595645496144E-4 8.890986691610639E-4
is -0.0663199236399187 4.593108149376914E-5 9.609671362684999E-4 0.004479927907550463 0.006057417151210938 0.007160354719514686 -0.0037000871716465996 -0.00242515002917891 -0.0013903872092173907 -0.00955942864793611 0.0022367559910158622 0.0068655321634346275 0.002457217548927545 -3.82813