<OOV> -0.13086528861476776 -0.01705965513936299 0.011866683591759564 -7.116921829624906E-4 -3.0201836538383287E-4 5.187590841911627E-4 0.0010987419813414893 -4.89024309211898E-4 -5.661533198764821E-4 1.4472627707550032E-4 -2.9133484659992935E-4 3.1061151458336813E-4 -2.238727619360432E-4 2.9989027245561046E-4 -8.099643811370694E-5 4.119223542425099E-5 -1.066199083318754E-4 8.589988880927276E-5 -2.2834453620524537E-5 -2.388703961293133E-5
, -0.011491458560028152 0.0024144228286592413 0.003128513145085897 9.827483039972337E-4 -1.6577156017708245E-4 -1.1459583882226044E-4 6.996918988088552E-5 -7.424891904654305E-5 5.294129101178535E-5 1.061706857047813E-4 -9.774139492675254E-5 -9.138434673324755E-5 6.355169472340625E-5 4.213968833747787E-5 -1.0531721336415187E-5 -3.682666674337163E-5 -5.0175950166452965E-6 1.906894358266748E-5 1.4852897771907977E-5 5.5144260343059215E-6
the -0.004506400411287009 -8.527218875737809E-4 1.7876603927237852E-4 -5.090182092236226E-5 -3.82647110815002E-6 -2.336164141504002E-5 -6.577861831172884E-6 4.768722200544613E-5 -2.7839219823357317E-5 -3.590102503987538E-5 -6.820661176730701E-5 -5.536647198052924E-5 1.2884794872032595E-5 -1.1967208693636214E-6 1.4010016354190606E-5 -8.229805088393223E-6 -1.5464625520998218E-6 1.6746201853974306E-5 4.992966655926104E-6 5.7791293325437566E-6
. -0.012527386413837372 0.0016705908170250722 0.0030201198771026205 7.801875311041571E-4 -2.654272122982503E-4 -6.411441607778422E-5 -6.480820519078658E-5 -2.864821735497333E-5 -1.1727383324870047E-4 1.9492434801262031E-4 -7.931778732066854E-5 1.0018963824807643E-4 -5.596749835153423E-5 -6.995396823427142E-5 1.2351628717274144E-5 -2.768832712211437E-5 1.8477007500064073E-5 -6.3663050737496915E-6 2.2573702192377024E-5 -2.3362465594159595E-5
to -0.02544500030914079 0.0023991566681169497 0.0038673608290875636 8.367427325912314E-4 -6.456562108342421E-5 -4.9942158590458424E-5 -1.1456052196649508E-4 2.449453359833844E-4 -5.068646639313389E-4 -2.2398255441036177E-5 1.3573315954105037E-4 3.8395962177889754E-4 -2.0297264134953174E-4 -2.5407902143238754E-4 1.1685039539843582E-4 -7.077476404617481E-5 6.261344072903267E-5 3.0301963384079122E-5 -1.2353945365576886E-4 7.214555771187749E-5
of -0.016512659329007275 0.004410666228039003 0.004523324561021343 0.0016875713300577666 1.2559783296444603E-4 -8.993478749916065E-5 -9.944407732004246E-5 3.0477116322043637E-4 -4.864767054478866E-4 1.23405558199126E-4 3.8802689717968806E-5 1.8619390651768058E-4 -1.0400017857936875E-5 -1.1593102409632767E-4 1.3365438432723492E-4 1.1790457507500394E-5 7.728904450461341E-5 -2.8853914205625427E-5 1.6132989016711844E-5 -4.0365535386348825E-5
a -0.015767993824067666 -0.0023644852010653032 6.8333445184817E-4 -3.3217916053865625E-4 5.14585036814685E-5 2.3199893696543292E-5 1.002227749670217E-4 -1.1091870920901539E-4 -6.155931687930734E-6 -1.4705432026606793E-4 2.5800387739380696E-5 -1.73636258347847E-6 -1.807427216991264E-5 -2.590280749044217E-5 3.8768233379507924E-5 -1.15263967049536E-5 -1.4665674484841125E-5 -2.364455240127607E-6 5.666735660733269E-6 -5.8801967780265375E-6
in -0.03651975064509191 0.004468221097170846 0.005580995547292514 0.0014214096855410263 5.881833788794662E-5 -5.2266654857531744E-5 -4.309579099183244E-5 1.4720212819402474E-4 -1.912485208379818E-4 8.772438955877359E-5 -1.732581673328824E-5 6.914719084123315E-5 1.6855285122483275E-5 -2.5974191086699855E-5 3.550419578493085E-5 1.4008065140807943E-5 4.621585637474859E-5 -6.090190092021064E-6 2.5787430023192265E-5 -8.529949864286134E-6
and -0.03337090136026856 0.0013813207836690263 -2.6525147821992746E-4 -5.152103290823926E-4 2.4084766620935646E-4 3.442193799818276E-4 -9.827728344663943E-5 -4.2143594238546004E-5 1.1915551120071248E-4 6.42578012213614E-5 -4.232586172246319E-5 5.344519581651254E-5 -3.7354645234434535E-5 -1.0079782592726477E-5 3.235555128735652E-5 -7.83632198122075E-6 4.226878466325221E-6 9.01446465073458E-6 2.2573918974066348E-5 -4.180903107881759E-6
's -0.032555165394049415 0.00333562348866708 0.0017079730026255539 -8.440651451582616E-4 -0.004096804882326947 -3.208689713122604E-4 -2.8738149125741722E-5 -2.8504553922070947E-4 -1.7715197361363908E-4 2.351870870111083E-4 -2.6806474031995414E-4 -3.81415346996019E-5 -1.0696398913018477E-4 2.3806965209831222E-5 4.985778096716093E-5 -3.6607850025011936E-5 -5.630413420395385E-5 -1.737552982024723E-4 1.5731661827888763E-5 2.437169894780168E-5
that -0.05964265151801884 -0.005688065510049127 0.0039912148488919766 -0.0010299328514136751 -1.6244526263763754E-4 -3.3393935517734457E-4 -2.4124763974841634E-4 -2.166805195243061E-4 -1.2298107133522787E-5 -1.0825773646410292E-4 5.339346993550852E-5 9.383326434709327E-5 -2.5413886053799936E-4 -3.96521974899105E-4 -2.8806485425501166E-4 -1.0916150231898705E-4 -5.1938933823695484E-5 2.2600449513879587E-5 3.631142209040244E-5 1.2587538705708783E-5
for -0.13197892826382154 0.012253252390612196 0.008869018623207055 0.0017238759706579639 -1.377334801529198E-4 3.359015190217588E-5 -3.267733044166499E-5 -2.8159566336248543E-4 5.365360189846435E-4 3.904805988633491E-4 -4.254892985164898E-4 -5.56266849682619E-5 -6.569070428038992E-5 -3.34363850917378E-5 2.4454014795951783E-5 -2.1948149298649334E-4 -6.684503184689502E-5 -5.916003516934937E-5 3.0184490445389092E-5 1.7382566705076065E-5
$ -0.011785527912036969 -0.003767154925359212 8.178335964818432E-4 -4.284114476080566E-4 3.215440948341946E-5 -1.2047082053293931E-4 -1.2034933315942534E-4 -3.4163109797966724E-5 1.6367731974097833E-4 5.029402399302443E-4 3.355087110099901E-4 2.0207769433325463E-4 1.3305434595383501E-4 4.888934175024904E-5 -1.3061718323088974E-4 -1.198008365040402E-4 -8.735483694576267E-5 4.2349278842196644E-5 1.8499617894318627E-5 1.8967122900058267E-5
% -0.24590782875244313 -0.005986792254588518 -0.00625266887828843 0.00779703237472542 -7.863717615256855E-4 1.3311066650905875E-4 -7.77728230671125E-5 -7.511099444765566E-5 -6.85351828483127E-6 -1.3951034985846584E-5 1.129928911495855E-5 1.077905482802099E-5 3.8646105358260714E-6 -3.4766383789190375E-7 -3.434796590926278E-6 5.1056285875116514E-6 -3.075008786660586E-6 -1.45693137690402E-6 1.149587910406192E-6 3.361709967325994E-6
is -0.0488132072670176 0.0026967592711155245 2.608137342878512E-4 -0.0014293710234328629 -0.002707699608896949 -1.0907235737829977E-4 -1.1686463564562243E-4 -1.802144180295119E-4 -1.409860284763573E-4 4.1849966641122485E-5 -4.203950835820032E-6 -1.1886872476566355E-5 1.4177895808308771E-5 -2.1625397274437977E-5 1.1479147656058385E-5 6.934658045872317E-5 4.95672525735135E-6 1.3850268344352486E-5 5.083677606390719E-6 1.7740938087840335E-6
`` -0.009517286837330727 -5.344083307690489E-5 -0.001187386514287173 -5.308747215259347E-4 0.0010213679634367995 8.623708672898986E-4 2.9094180493379265E-4 -1.3786004789957893E-4 -2.458685504685837E-4 7.410734581716554E-5 -1.0788538650089168E-4 -5.8318238653220985E-5 1.8723165528651594E-4 -1.5983208838933282E-4 -1.0664087905596728E-4 4.337480767327642E-5 -3.188070432897302E-5 -3.967533959089259E-5 -1.0170014614082543E-5 1.3024283378930267E-5
it -0.024891707286832494 -0.0016299162044690083 0.0013418626726273714 -4.6951898478566993E-4 -2.2276608856495257E-4 1.417435340546857E-4 -8.565261492647785E-5 -1.1038152363787239E-4 -1.483454989462456E-4 1.363711363470164E-4 7.958267623116128E-5 1.0966774345641932E-4 6.28512619056357E-5 -1.8495018717976162E-5 -1.3358568250161364E-5 -5.5202626820745744E-5 3.732497081319671E-5 3.4669573014762094E-5 2.0182493469610437E-5 -1.9293482424515158E-6
The -0.0020564010532770093 2.516457293615832E-4 -7.194907230697054E-4 -1.9955854301392114E-4 5.371321750279914E-4 4.1861354862104787E-4 1.5138053718069007E-4 -5.5581231386485766E-5 -1.3888809587499397E-4 4.669929705545518E-5 -8.061687698811452E-5 -1.4497198093886977E-5 1.0619666466142496E-4 -9.68905280896657E-5 -5.1775565362463576E-5 2.6238011224552973E-5 -1.008118120277537E-5 -6.658962768564756E-6 -1.5058805824275509E-5 7.63831822509427E-6
on -0.2472048130697594 0.018606664156316982 0.0163286468794645 0.0027348572579327895 0.0018856365087844247 -3.145626251280921E-4 5.052854967832796E-4 -6.077817172276409E-4 6.00735069110431E-4 -3.1945540740708323E-4 2.485836003099566E-4 -2.29380242478161E-4 1.4734789571872907E-4 5.7594779642750144E-6 -7.67857585182526E-5 1.282810829962019E-4 2.6617284169467962E-5 7.912260391600907E-6 -3.133864756896365E-5 1.0673624335389105E-5
said -0.05024554003772391 0.0015763223844003267 -0.001526602429954741 -0.0013566365101134634 6.801863035549837E-4 -1.2006189167857356E-4 3.232727266048253E-4 -3.2415779028750255E-5 -1.1721194199916948E-4 1.88529189297953E-4 -2.3167655380551956E-4 1.814119663198179E-4 -9.129480402695622E-5 1.0068749813975409E-4 1.6674340768779733E-4 1.1304473358686132E-4 1.387977179067978E-4 -3.838724898023198E-5 6.514220440743267E-5 7.45693274285816E-5
million -0.36886174312866477 -0.008980188381882786 -0.009379003317432669 0.011695548562088117 -0.0011795576422885198 1.9966599976359151E-4 -1.166592346006594E-4 -1.1266649167150744E-4 -1.0280277427235881E-5 -2.0926552478773226E-5 1.6948933672441893E-5 1.616858224203639E-5 5.7969158037381115E-6 -5.21495756847225E-7 -5.1521948863834525E-6 7.658442881269356E-6 -4.612513179991529E-6 -2.1853970653621956E-6 1.7243818656125468E-6 5.042564950977797E-6
as -0.1684448548473103 0.0012370469615045172 -0.0021880892586408985 -0.0035567901273904565 -3.073668233892415E-4 0.0011854011187693422 -4.571639517751653E-4 -1.2972508061284831E-4 6.246070955598032E-4 2.6573021441256906E-5 -2.7638667838006224E-4 1.1528811839940812E-5 -1.0510764009066601E-4 4.957716361440366E-5 1.3626329326889535E-4 -5.917138600242554E-5 3.877300154006556E-5 -3.3910560435863E-5 -1.1428253765075552E-4 -3.5040957721236304E-5
are -0.03274384197753709 -8.9775798148874E-4 -5.038580290828673E-4 -5.085820838705976E-4 -0.001585810269012507 4.554467287735644E-5 0.0010883731517569465 8.439572780626093E-4 3.205925795480262E-4 -7.306105314291926E-5 2.712165516549202E-5 1.3162525300799018E-5 8.545454854551253E-5 -2.33822721676468E-5 -1.3888744377889092E-5 -4.859361717043467E-5 3.119419016673219E-5 1.291715049765132E-5 -1.3358381194514286E-5 9.242172935407899E-6
an -0.08257722151331624 -0.012314421021298167 0.002767813094938236 -0.0018786946782236523 3.357767136606567E-4 2.504496633877387E-4 4.882867813959122E-4 -6.346968363508004E-4 -5.8401848575823384E-5 -9.770763146281483E-4 7.992055210438099E-5 -5.872839827646791E-5 -1.7593664223411503E-4 -1.795801531997819E-4 2.5782305271421723E-4 -4.840926935565968E-5 -4.553653775853455E-5 -4.45442571941912E-5 5.254799803886493E-5 -1.6487479908040783E-5
was -0.0757039702134775 0.00403890527236112 1.1777704260974885E-4 -0.0021118223142635537 -0.0037552593608004407 5.32555684888209E-5 -2.577474837975084E-4 -3.004646007804857E-4 -1.0254549109151502E-4 1.1304419977031551E-4 -6.27295300853449E-6 5.8291688116704576E-6 -3.450870664249363E-5 -5.050129638065794E-5 9.435098739623527E-6 1.0767837137918571E-4 5.405940689933053E-6 -4.576804583533048E-6 3.77371234392117E-5 -7.475283482980436E-6
with -0.18797230051882655 0.005315358043517353 -0.004516849461598227 -0.004079096800229171 5.639572726825029E-4 0.0013789627186070227 -5.922826108853256E-4 -2.681589720053619E-4 6.722342365490955E-4 1.3886459583100356E-4 -4.2482119037870656E-5 2.2070649757162093E-4 -1.0680440715691665E-4 -7.798060021580624E-5 5.436395591177449E-5 4.085339423046242E-5 4.141407423850059E-5 1.4321828425635554E-4 6.241863474243905E-5 -7.636790090473438E-6
by -0.47457004758699206 0.009619609767792385 -0.011319691801418416 -0.00712629075357156 0.003049817572858264 -0.0017065137809505041 5.214218440902351E-4 -6.138072665229226E-5 -4.313754320678833E-4 1.2146703613260804E-4 4.657926958864761E-6 1.0986515302957739E-5 -2.5077314733123655E-5 1.914539983604252E-5 -1.1591722103784248E-5 -3.861538251451329E-5 -1.688157636841286E-5 -4.0630076219807526E-7 -9.264173432205881E-6 -1.1119431844116645E-5
Mr. -0.036801162478537194 -1.421081644447123E-4 -0.0023496062941067474 -0.0012295673831126295 0.001855805100465808 0.0012749740775146391 5.697005921764874E-4 -2.3914810092314103E-4 -5.593380183588567E-4 1.9812125516929427E-4 -3.059252989815237E-4 -7.444696443025399E-5 3.5827502535596935E-4 -2.0618611899012092E-4 -8.894224782211235E-5 8.365904995523315E-5 -2.2448610469150864E-6 -7.032566137771109E-5 4.248557856811867E-7 4.703376009845711E-6
'' -0.015138482934266895 6.235007361431931E-4 -0.001229333919247168 -5.388941320862666E-4 7.710051119230053E-4 7.292881959201607E-4 1.1733228267044389E-4 -8.888788278274995E-5 -8.735818050506516E-5 6.602758985612352E-5 -9.676850356414812E-5 -1.1899003254252359E-5 1.2735615464882426E-4 -1.3062726469080955E-4 -6.743993129562841E-5 2.472138615514095E-5 -1.526250559650411E-5 -3.9403621679061366E-7 -1.3552791191107135E-5 8.918880438597057E-6
at -0.28701950036523516 -0.001650901835283732 0.007997095271808488 -0.002537807861400719 9.061437577213041E-4 7.911821452305838E-4 -0.0011750557313062358 0.0016503049305830525 -3.5066534688962906E-4 -2.662280365036871E-4 1.209260701428611E-4 -6.577906273026102E-5 -9.993542897790703E-5 1.1832595131366463E-4 -9.814752237490851E-5 5.747124872734538E-5 -8.909913571371809E-5 -7.960320102867693E-5 2.3373588442499424E-5 1.526878611208421E-6
n't -0.014867039005810765 -0.002190793339398842 0.0013633259106013125 -3.299094578877963E-4 1.6933316701152836E-4 1.3809381978154573E-4 3.45344247420975E-7 6.190240244599933E-5 1.8524185069546248E-4 -1.823403841724085E-4 -8.205857255075298E-5 5.95507637766894E-6 -9.998409777634298E-5 8.189513791063483E-5 -6.813183554395923E-5 6.789686657074159E-5 6.74702991280747E-5 2.307278882349182E-5 1.1550178002920422E-5 1.3466186929584663E-4
will -0.07275695957588435 0.00317266576018526 4.562913274990352E-4 -0.002069448938518738 -0.004796873149327778 -2.1774117795384033E-4 1.5702578537967949E-4 -6.355974681051819E-7 -1.0335442552790856E-4 -9.787412570288832E-6 1.288807571208062E-4 4.43437561305324E-6 2.394695403824226E-5 -1.1406651922238037E-4 -3.7532841429942926E-5 1.3339864270026555E-4 1.0729020194607263E-5 5.529940865923713E-5 6.176326287138249E-6 -2.6240575877868168E-5
its -0.04204340919133384 -0.009943924775258205 0.002280492478892307 -3.824910185922734E-4 -1.4922832066443438E-4 -4.96906159080977E-4 -2.230117509488008E-4 5.553947862793595E-4 -2.6282635558315604E-4 -1.2243224290189885E-4 -5.967549951921774E-4 -5.360996578457197E-4 1.8484180479484336E-4 -5.8981152412773784E-5 1.0822776628380616E-4 -9.124540228878952E-5 -4.005131474277733E-6 1.5725131150744372E-4 5.647026681238841E-6 2.257749415197126E-5
be -0.00404949824396708 -0.0013979393202930197 2.7687530864187746E-4 -1.658889388745869E-4 6.802659860466042E-5 -5.208449942396071E-5 -3.551105739414141E-4 -3.1021296188569835E-4 -1.2669830146065894E-4 -7.811404401745513E-5 -7.686405954556618E-5 -4.3449371045189206E-5 -7.644623441747884E-5 1.3355558047703235E-5 -1.2313040168054359E-4 -2.1167113600004206E-5 9.864323542198987E-5 8.558629905120158E-6 5.3500407696152465E-5 1.245077712531148E-5
have -0.03417772713424108 -0.0049187121596416935 5.349410420553097E-4 -8.062001653077543E-4 -8.03423990406059E-4 -2.2676513036553108E-5 -1.1780606512597515E-4 -1.9810312227396684E-4 -1.271737052634709E-4 -2.505358514368799E-4 -1.9957606345392777E-4 -9.762474368726081E-5 -1.2985006490104096E-4 9.124028979020616E-5 -2.89922661710995E-4 -8.231852686242636E-5 3.2151387353829633E-4 -3.749755297858522E-5 -2.3610225257845118E-5 -4.290805297932309E-5
from -0.04427977489398207 0.009609307333627925 0.009139299802896518 0.0034208470731720312 3.257163892369468E-4 -1.5009036969235713E-4 -1.3384726096565063E-4 3.790870622774679E-4 -4.3095022758359236E-4 2.6830125945851753E-4 -6.004630596921491E-5 8.191084001223804E-5 1.225119553408323E-4 -8.946914532375121E-5 1.4751809188741217E-4 1.4106261904646541E-7 1.0708445610693437E-4 6.312836986091598E-5 2.2267401762735763E-5 -4.2430497613670706E-5
has -0.11162836511754944 0.004762275105913608 4.2095888900672943E-4 -0.0029305632888801418 -0.005183835823012261 1.2369138281546166E-5 -2.729745278118605E-4 -2.4329033787234025E-4 -2.0073702231586876E-4 -6.60061971100418E-5 8.259440208840282E-5 -1.9233261139639038E-4 1.6209815575825062E-4 2.1417279591605327E-6 -1.547898815062554E-5 4.464165804101635E-7 -4.1685752920264565E-5 4.710777273116677E-5 -5.017122233167726E-5 2.619389728665743E-5
they -0.10586639302628989 -0.0024570795232336812 0.0020324236128205003 -0.002397679688238283 -9.022153265812641E-4 8.950450195480152E-4 5.192891432731991E-5 -3.8933768344825927E-4 -4.2568783098250514E-4 -1.380523763822543E-4 5.155041383070998E-4 3.351190528518518E-5 4.4359966790511097E-4 1.757871031376232E-4 8.362550481740043E-5 -2.2570604719404636E-4 8.256761300154243E-5 -1.3787045544270887E-5 3.141366884155717E-5 2.6101515077785534E-5
market -0.019643446070942216 -0.0048129149093162635 4.616762908974506E-4 -2.543639874090298E-4 6.999511710849421E-4 7.770575968628169E-4 5.307541879838871E-4 -5.7372294570842984E-5 -2.47134445554338E-4 7.227203611682317E-4 5.015660319197093E-4 -6.745728873863174E-4 -4.7622590732149597E-4 -4.5120756046884124E-5 7.624434007710941E-5 3.7794966178532893E-7 4.809326732404019E-5 4.382881057308126E-6 -1.9679883917192944E-6 5.794849709090607E-6
about -0.12466825887296672 -0.03324536957274768 0.007421825089510264 -0.0028577048194900444 5.37282948102892E-4 -9.638636393164775E-4 -4.7213943761321715E-4 -1.0804151050249647E-4 6.554268152487487E-4 4.599481339919778E-4 9.37869865792625E-5 3.705667773278581E-5 2.7680888753675863E-4 -1.2373856474143008E-4 7.831291793584212E-5 9.403863851939523E-5 6.792958255389086E-5 -6.107686593718626E-5 -1.7717610289158463E-5 -1.3219915669132433E-6
were -0.05693351103347687 -0.001270461872145235 -0.0011900757688379769 -7.106921278806193E-4 -0.002194330433618823 2.7125505645085243E-4 0.0016265786450999566 0.0012563667965083726 6.515803397861491E-4 -1.3315630823680619E-5 1.9873497065783754E-5 1.0515043389818731E-4 1.2285827840909676E-5 -8.738794019495329E-5 -2.856413447573524E-5 -4.714544283562053E-5 4.960261896638746E-5 -1.676545425206056E-5 2.7433375440295646E-5 -8.75462241018402E-6
