<OOV> -0.08606470160063129 3.0862238137050366E-5 -0.0031571217574312906 3.3912095393100314E-4 3.494466589174336E-4 0.0012784976921213994 -4.7517541703137405E-4 -1.944773244037543E-4 0.0015313832346924663 1.2132154228172227E-4 -8.174486538478399E-4 -0.0011739261495939913 2.8985129614857017E-4 8.553348221569655E-4 2.8830774909087537E-5 -5.337977303997314E-4 2.7342871782822973E-4 -3.132894880508791E-4 3.2726477727725207E-4 4.172536678764318E-4
, -0.06520389254750046 0.00524493088768892 0.014859163151419429 0.009691239631060554 0.016650433560264865 0.0033936964182054 0.0015872236697985276 0.0034615724699628373 0.0015049155535856635 -0.0013971385038728209 0.0015618108706732866 -4.306847742294008E-5 7.336943563289183E-4 -2.1087944749338208E-4 -0.002713762431667718 0.00259572668572747 0.0029722032661799835 0.001917499143497032 -0.0021417557437877397 1.7553039440719912E-4
the -0.06855780007817094 -0.004057604477740548 0.004047848908143323 -0.004567911803318857 9.096637207648234E-4 -0.0022345195743275676 -5.330259087462547E-4 -0.005166331231010343 -3.7859506964303284E-4 6.225820375739606E-4 -0.00512088005090934 0.004091036513334017 -9.262421284899344E-4 -9.81260227601973E-4 -0.0013800539390423873 0.004560745440769055 -0.0019686640141932717 -0.0015111307803026158 -1.3785242267982164E-4 5.617324387141925E-4
in -0.058687065964896284 -0.005530049333299072 0.012856942453732555 0.01070826180542641 -0.010510389599784434 -0.0023667803553491826 0.001876039717883268 -3.8751810432160176E-4 -0.0015050410858747228 0.005639324416387346 0.004601783358331725 -0.0021482048518595255 -1.8165825545613036E-4 0.0014513140274302174 -0.0025960826867854944 -6.906748147032847E-4 3.454223688380813E-4 -0.0034157545888271485 0.0012690398724263783 -0.0010265374016808608
of -0.06368075312381345 -0.004141937613863543 0.007519808269733902 0.003548684090646374 -0.0045811763761915356 -0.0018187400450386884 7.101374757989314E-4 -0.0015574000545683637 -4.198106047926126E-4 0.0030982170003537564 0.0015269959586540814 -9.014751315596295E-4 -3.73414472644816E-4 3.799985831196994E-4 0.0020695861745621694 -7.593863721124562E-4 5.90016008633972E-4 -3.3098119026727513E-4 -5.533561946658146E-4 -9.989902419042175E-4
and -0.0664806873529414 -0.003446806469798806 0.0058191928808118245 0.0019549881510490586 -0.0011447277015692668 -0.001618380146571253 4.2376188964455755E-4 -0.0022184026695801717 3.153238421704327E-5 0.002337969617772086 -3.4510835473275365E-4 -1.5454695790197476E-5 2.534255979001426E-4 -1.7052581582407652E-4 2.6876492932895846E-4 -2.9763463256558944E-5 -8.042268004338053E-4 0.0014397513387611161 -5.154284321716883E-4 -1.9903447267356878E-4
" -0.05519109476505118 0.0159245601465279 0.020788053091768982 -0.012950862333531795 -0.009842655006580688 0.02393171359639582 -0.0060527788385788565 0.0030444499618291405 -0.0018793758352695302 -0.0014524652645668485 1.226886133704057E-4 -1.0661967875261476E-4 -2.335424859355806E-4 -1.9305670245880254E-4 4.2088523517716964E-5 -3.1971775181447647E-4 -3.454360431256414E-4 -3.206387463130583E-4 -1.6082097267342273E-4 6.999354953549386E-5
a -0.07266873709355871 -0.0030246954315897323 0.0012478025049799816 -0.002716156974916458 -7.134860912206296E-4 -0.0012182420577058163 -6.353942314624625E-4 -0.0024720085203322746 4.251385121396862E-4 9.035745671954522E-4 -0.0025595502861080932 7.758147668447737E-4 6.775399612100131E-4 3.3934744867824987E-4 -0.0019722817181654995 -0.0015813675863763118 -1.723256835572188E-4 6.254790755154076E-4 -3.2250998440561444E-4 -5.107773325419496E-4
to -0.06536016249160755 -0.0036591516044839427 0.003126740084617993 -0.006334496654380536 0.0010604533368121646 -0.003752183757333686 -0.0015582269900388129 -0.0014593600593021856 2.1558648897770244E-4 -0.0048948629552439445 0.00392334279974988 -0.0014350275316802916 -1.5480796960165328E-4 2.1518171332978733E-4 0.0014331356201485177 -3.548919758969371E-4 0.0011385486775773452 -1.9135993916447942E-4 1.702956842865351E-4 3.305165730386114E-4
's -0.0730438527368623 -0.0024174957025210934 0.0015857680403461088 -0.002824727695820427 4.2633887662346404E-4 -6.690442598846614E-4 -4.510802732228771E-4 -0.0021732915556706097 5.123396195705936E-4 9.115131217184501E-5 -0.001982451651174156 7.747601194657383E-4 -6.229049950690524E-5 2.039600528491043E-4 3.5418644437697346E-4 5.476095006846639E-4 0.0010109498021687814 2.411536938632323E-4 0.0010385395317832249 -4.738228428447044E-4
will -0.06034854065726038 -0.005074599986838304 0.004124436653711085 -0.00877284137343272 6.14559355453926E-4 -0.005582427290992986 -0.002054406905920418 -0.007884528115606875 -5.819798326414366E-4 -0.01260713338453804 0.010505723604393655 -0.0031229703436393926 6.644327566252445E-4 -1.5082649750043344E-4 -0.0018342055343350007 1.0988187082374718E-4 -0.0012376765971309292 2.6430219922865474E-4 -7.444371407258962E-5 -3.5934779569497897E-4
Chrysler -0.07335716750101605 0.010487132784730475 -0.006877970581996718 0.0011124898065280671 -7.974604666267112E-4 -0.002307827075676498 -0.0016373719660561124 -5.137698564813346E-4 -0.008873217380638456 7.734248137587017E-4 0.0011607745186001403 0.0010924084040168864 -0.003081042464603661 -0.004094675652238278 -7.495723853249212E-4 -0.0010877664462110542 0.0011602102107381074 1.696474655569354E-4 9.09906636534363E-6 0.0012741028017149818
at -0.06375728462121799 -0.0026525342163389045 0.00545411792541727 -0.0030947106550351967 0.0014825303267377076 -0.002601986753836759 -6.798360093269011E-4 0.0036351856541966764 2.464212342567062E-4 5.160682632758763E-4 5.528409644481338E-4 -2.955796331955256E-4 -4.201046204098455E-4 2.2765340024130185E-4 0.0022066906594091725 3.842438908513399E-4 0.0031384217719354016 8.454897555821839E-4 0.0018342917290308078 -0.0010640439865090177
said -0.07106310382927578 -0.002509172819452125 0.0024188603415731796 0.0037046788504063945 -0.0017603884550969776 -3.585213998480175E-4 2.0569256304024778E-4 -8.200471016979509E-4 8.227096402146838E-4 0.0023811019829860654 4.5031489082999E-4 -0.002324363192137998 0.0026147897870807016 -0.0016940023421131668 0.0017166467751288717 0.0010386488731503477 -0.001590921714299593 0.002865451781810888 -1.0907807600485642E-4 0.0011962585532102278
The -0.062298115132339286 -0.004362309405172402 0.002324561216328928 -0.008710331013897869 4.8491278743051434E-4 -0.006565825452095013 -0.00323675489800403 0.008894721356133862 -8.141615321197924E-5 0.0017594784724226287 -5.776856041299275E-4 -5.5980339840688416E-5 5.567915323189436E-4 -3.061907123324238E-5 -0.0014457351439066065 -7.889340282385666E-4 -7.153553001943397E-4 -2.76840634133844E-6 -8.575722142598341E-4 -7.245059530875223E-4
million -0.0792519974298276 4.124608931517226E-6 -4.231068002144999E-4 0.00623746496013435 -0.0015538753088580359 4.1454718984659377E-4 2.1282581025390297E-5 7.932848589744401E-4 -5.222079053260547E-4 0.002047611866889454 0.001860206567306955 -0.003456543586832172 -0.0021672576672485022 7.426879388959213E-4 -0.003064008265915834 0.0013007767594449629 0.0022965485259022426 -0.002239470836473569 -5.569195772401239E-4 0.0017499507872341914
for -0.06680361030050246 -0.003687183847846792 0.005362292738647449 0.002230793692864412 -0.0026972739628078985 -0.0017404546165632386 4.147146188584537E-4 -0.0017579188214569114 -1.278209054640498E-4 0.0019769546020254884 1.0120605765261895E-6 -4.6176215732627305E-5 -2.7682675090172935E-5 1.0836237151025534E-4 5.169699111931267E-4 1.3289434105739613E-4 1.0082996613286954E-4 7.111421637478138E-5 -3.601119353408135E-4 -4.5099481359216415E-4
$ -0.07161052816651522 -0.0027383747019208023 0.0019015403842614178 -0.0028382789028635093 -4.473539313023369E-5 -0.0010227852610803785 -5.423291265727987E-4 -0.0026995299853403883 1.8646179324193025E-4 2.8248723101963663E-4 -0.002122197689319184 0.0011112653845255752 -3.2210452861980905E-5 -1.815643571801034E-5 -4.354005066754403E-4 6.74557261757497E-4 -2.6836311776578105E-4 -3.1856319408564466E-5 4.2705300168887005E-5 -1.1203132227300257E-5
said. -0.07253539565728676 0.0028348571459995402 0.008374640709259308 0.007527829399310045 0.016592669552480028 0.0027723445535836632 0.0013904918111852043 0.002251037861754546 0.004030320338352727 -0.0021588195364517274 -9.811461699095923E-4 -3.6811953865706993E-4 -0.0036461886188448897 -0.001269875824126206 -4.126055518080845E-4 -0.0026210834944177127 -0.004090804304336852 -0.0012887678024363284 0.002128209769261171 2.234620740962321E-4
Tuesday -0.0862757073091803 0.0013732586712769626 -0.009688717528200436 3.2513618910722E-4 -0.001227163241601399 0.002035137229505905 -0.0019974810280621986 7.021367512526267E-5 9.357045581534597E-4 0.001279247132328219 0.0022473850849210678 0.001611477690398015 -0.002866384198590101 -4.2026693684968586E-4 -3.720657879317927E-4 2.903994182109993E-4 3.156091514745877E-5 0.001097349689918926 -3.3207586236337237E-4 1.0255261431774478E-4
was -0.07161052816651522 -0.0027383747019208023 0.0019015403842614178 -0.0028382789028635093 -4.473539313023369E-5 -0.0010227852610803785 -5.423291265727987E-4 -0.0026995299853403883 1.8646179324193025E-4 2.8248723101963663E-4 -0.002122197689319184 0.0011112653845255752 -3.22104528619809E-5 -1.815643571801033E-5 -4.354005066754402E-4 6.745572617574972E-4 -2.683631177657808E-4 -3.185631940856446E-5 4.2705300168886903E-5 -1.1203132227300111E-5
about -0.05228441926012665 -0.005663537641795067 0.004486849455163789 -0.01292226398795084 0.0010999929882698628 -0.010948051632273916 -0.005020864757162191 0.017276360752411762 -7.668040009964365E-4 0.0024934433923373936 0.0016351036741102843 -6.07019902828609E-4 -3.290767041483545E-4 2.5985370563904068E-5 -1.2139980003261432E-4 5.934128347852758E-4 -0.0010919183949803012 -2.0262469644794355E-4 2.560546895846746E-5 8.611492693531256E-4
from -0.06649990354325962 -0.0012420921194523302 0.007755606014537508 0.0050239154130533 0.006014786570244485 -4.098480712384902E-4 9.39576897950761E-4 -1.8155480936579542E-4 0.0018225204623083522 1.216075605723547E-4 4.271829403352413E-4 -6.385610527741383E-4 -0.0022043391767448796 -4.7700462873041414E-4 0.0034737358714981943 -0.0021062389324600366 -8.501428208146508E-4 -0.0011024368994265329 -0.002172472802251898 -1.5683468678656594E-4
is -0.07464190302223703 -0.0018203812344520381 -0.0012194644775517158 -0.004420012891882397 8.150285200137553E-4 0.001907714892173995 0.009548752725680724 8.42641097554056E-4 1.0232906936548558E-4 -2.972138481404928E-4 -2.1547540334782003E-4 -2.910177248326724E-4 -2.297514785485093E-5 4.634970944619419E-4 0.0013769761131690098 -9.471564090871891E-5 0.0023008878952733756 4.1549565391490247E-4 0.0019581901179419503 -7.571671673415241E-4
be -0.06804467745630122 3.4756788875892877E-4 0.0072104009426894435 0.002074729081898057 0.009387430458413198 8.838068350231477E-4 7.17475650595167E-4 5.171225629826794E-4 0.0018836669226207797 -0.0011875122311776703 -9.669150465969901E-4 4.5601403929968333E-4 -0.001688255238995348 -6.084909416680134E-4 8.654210568351092E-4 -4.993942079032065E-5 5.292597356957668E-4 4.0482362095960623E-4 0.0015134060875602845 -5.974307493844273E-4
on -0.05876912430020985 -0.0056333075587202625 0.005999759184220672 0.01554207663057801 -0.015677977847098984 -0.0027112874916729603 0.0022911412164463973 0.007529073424871718 8.808016059501706E-4 -0.011593007112393059 -0.0033568260906846337 0.005901854198921179 2.7217263832228283E-4 -2.407428306638522E-4 3.586113471291354E-4 -4.5757553341196916E-4 5.4230826786766465E-5 4.0914738531630404E-4 3.102429887304959E-5 4.0253663781390173E-4
plant -0.09573484774040772 0.0015086694152860274 -0.0066676470934197585 0.0028080029661992343 0.004164525944422611 0.0034203018474833068 -9.733138064359094E-4 0.001364922086265251 0.001156329024879947 -4.6895816436715363E-4 -2.432317711223335E-4 -0.001511610941729379 0.002393014392530817 0.005985295268511715 2.0059964529801845E-4 6.612402615938583E-4 1.4915426774029074E-4 -4.298318279868421E-4 -4.5747950168646885E-4 9.749632502638767E-4
Mexico -0.07378050420185502 0.0031749300209710286 -0.00805498711558568 7.235702711742738E-4 -7.247770564155216E-4 -8.505464154914687E-5 -0.0023417118175837336 -4.385559378622404E-4 -0.00903262325624471 3.233706280318762E-4 5.275134187941076E-4 9.24042233417484E-4 -0.0019677886204459137 -6.378397164157688E-4 5.162638550202939E-4 -2.3213984125641248E-4 -9.549601555021327E-4 4.630783530035521E-4 5.529891497916852E-4 -4.603572779953837E-4
. -0.07161052816651522 -0.0027383747019208023 0.0019015403842614178 -0.0028382789028635093 -4.473539313023369E-5 -0.0010227852610803785 -5.423291265727987E-4 -0.0026995299853403883 1.8646179324193025E-4 2.8248723101963663E-4 -0.002122197689319184 0.0011112653845255752 -3.22104528619809E-5 -1.815643571801033E-5 -4.354005066754402E-4 6.745572617574972E-4 -2.683631177657808E-4 -3.185631940856446E-5 4.270530016888694E-5 -1.1203132227300182E-5
Corp. -0.08681185432797683 1.484714733830761E-4 -0.008784567652828942 0.006282525433190388 -0.005053354869690509 0.0021999411649497582 -7.633988749017384E-4 0.00452322946222464 0.0013375417744749655 -0.006107598319657375 -0.0027724650688708313 -0.0015385915462820519 -2.3821804733541738E-4 -3.344272127194419E-4 -3.1037263777209507E-4 0.0010902617916134043 -2.346133720451884E-4 1.0397271779148542E-4 -2.5185871979273994E-4 -4.469346529484624E-4
that -0.05705207852416052 -0.00361814829494809 0.012022834890255709 0.006885258890933633 -0.006776395296157143 -4.4867229984388985E-4 0.0010268026870339556 -0.0012719169675716512 -0.0011355533109874507 0.005840233538139946 0.0037003097582019202 -0.0025437613639851266 0.001581433538642194 -2.998957690727598E-4 5.932706227982203E-4 5.079293902283807E-4 -0.00237916775375739 0.003057529095914534 5.81585788568695E-4 0.001055036154177212
Jeep -0.07606865610457691 -0.0014062635332111034 -9.495219972066883E-4 -0.0019158033373789824 0.0013118967778718814 -5.947229097822604E-4 -0.0011226250937079448 3.070143807713735E-5 4.6207941359588395E-4 3.8819268012330667E-4 -0.0024897606765895545 1.3164642701592834E-5 0.002498790930425528 -0.0013651848355551767 -0.0025619571323799114 -0.0017649925235524624 2.40316085873144E-4 -2.4599656662675464E-4 -0.0017291239964074732 -0.0023458400208067327
it -0.07053548622374713 0.005624074578032396 -0.005138778921181734 0.0034947386097791875 0.0044483801970395245 2.2377829216492428E-4 -0.0021092154541924243 6.397761278507841E-4 -0.011656520906101007 3.512990493166697E-5 0.0017776854717578919 0.0029138657910723676 0.0012401367440823235 -0.0011922048633937617 2.6302310779759245E-4 -7.87828250442424E-4 6.503980151809559E-5 -1.3432285093536487E-4 1.7709768534956234E-4 -5.084472032142705E-4
market -0.07279987100090131 2.921966912351423E-5 -0.0018674691573928725 0.0024603339560647975 -0.002709604971482056 -9.477752819260598E-4 -7.747455882463062E-4 -7.891090495135024E-4 -0.003470809948076877 0.001536825388196798 6.073035099620355E-4 -6.797514347478002E-4 -0.002329942493593055 -0.0017681161081757586 1.5715357324935778E-4 -1.8012707667634686E-4 3.7693921578543397E-4 6.831220788165357E-4 -3.324015295232431E-4 -4.055264011076317E-5
Brazil -0.08385619028125106 0.002816749509429823 -0.008578958381072045 0.0016463816090011188 2.2033147104282576E-5 0.0012752535457584147 -0.0017579551749895143 5.834771108081529E-4 -0.0030984162445551514 -2.1880310694567562E-4 -2.9925698447112774E-4 -0.0020103219653690324 -0.0015725648762559348 -0.0027780668367323445 -5.13564089172967E-4 3.365880587289444E-4 5.044550573894544E-4 3.385313066673538E-4 -4.092450800989706E-4 -2.5491628002875067E-4
with -0.06992169503440651 -0.002015926295799396 0.0032702772359678653 -0.0027420765752084464 0.0015283464644054875 -5.272268980878413E-4 -2.0740744818289103E-4 -0.0012854435826370597 4.4632991311201523E-4 -2.8049792381764054E-4 -0.001244428359413212 6.212037275780249E-4 -2.7089489501062495E-4 1.2350421330773514E-4 0.0012084150587088303 6.052967810061213E-4 0.002238476841946884 6.05719731963819E-4 0.0014420759380833778 -7.996093556779957E-4
by -0.06734949139394031 -0.0036485994180234698 0.004945361044569478 0.0014664012929417978 -0.0024619972220088207 -0.0017076640176866408 2.853547147826007E-4 -0.0020100482167289485 -1.2436242936065316E-4 0.0018743680215563534 -2.7602143464583505E-4 1.1358952289290053E-4 -5.783625811572298E-5 9.554669693348184E-5 4.794973257968402E-4 1.5132456154015706E-4 -1.5161307840993127E-5 8.350518325389881E-5 -3.538691227826386E-4 -4.6341451958443585E-4
he -0.06194998446395149 0.043808015007756794 0.003801784204760465 -0.0012052379150617849 -0.004909844810462867 -0.01451915727467868 0.0043698161225087274 -0.0017091912306764457 0.005252804712265314 1.752988480420663E-4 -6.134857113354227E-4 -1.0753352959182688E-4 7.247900315455283E-4 0.0010623620479297948 2.6750817259862714E-4 2.175013023050445E-4 -3.4425854747469845E-4 -6.517036874901975E-5 6.398844440551584E-5 -2.3492498513949994E-4
has -0.07161052816651522 -0.0027383747019208023 0.0019015403842614178 -0.0028382789028635093 -4.473539313023369E-5 -0.0010227852610803785 -5.423291265727987E-4 -0.0026995299853403883 1.8646179324193025E-4 2.8248723101963663E-4 -0.002122197689319184 0.0011112653845255752 -3.22104528619809E-5 -1.815643571801033E-5 -4.354005066754402E-4 6.745572617574972E-4 -2.683631177657808E-4 -3.185631940856446E-5 4.270530016888694E-5 -1.1203132227300182E-5
which -0.06998161091073928 0.003909672613654674 -0.0022947507709049782 0.0037248590878457906 0.006830862662912785 0.0011457860452050409 -0.001657821067679889 7.691123412499353E-4 -0.010390457606758156 -3.476287544829282E-4 0.0015327487143199303 0.0037282673200198053 0.0041485205501212 0.006633957250129521 0.0012465049465994395 3.4360542386055535E-4 -0.0013548932455241672 -5.551821608385641E-4 2.0896756601444295E-4 -2.574708852277393E-4
or -0.0716709538642924 -0.0031546491459872646 0.0013009609795213008 -0.002851221920263912 -3.4845299474826636E-4 -0.0015370491250300568 -6.484422451202347E-4 -0.0026458764798975233 7.494811538068044E-4 -1.7557817635156458E-4 -9.539375080671616E-4 -2.1566545424388017E-5 -0.0010441435299510143 2.1458003089850966E-4 0.004313844260451075 -0.0017942427778510888 5.443463580103938E-4 -0.001508103850067168 -0.003065954006178847 1.1584300572997805E-4
Mercosur -0.0762209185213654 -0.002772157324077641 -2.8834919999464435E-4 -0.003718557786819561 -1.4913311813679142E-4 -0.0012446196822067284 -9.67618951745728E-4 -0.0022649851704964513 9.488800622453979E-4 -0.0010599467555504332 -9.783710659144827E-4 -2.1203313781073896E-4 -3.898271395077505E-5 6.875850092906262E-4 0.0017008788711687312 -4.363848355705106E-4 0.0014801269817657711 -0.0012340276917799046 5.897652817739903E-4 0.0034569838867759884
year -0.09052353934773387 0.001930107139856187 -0.008151765867808313 0.0031196465749320224 0.002615103470787893 0.0034320556939731574 -0.0013004874112787208 0.0017251090543449787 0.0030896709427198302 2.407567717785127E-4 5.769795899005203E-4 -0.0023829227734599046 0.008522547017262776 -0.0065180912365892145 0.0011410919113534436 2.626739405907379E-4 1.5099819020562585E-5 -0.002088269404853199 6.187450848308471E-4 1.477273211536959E-4
We -0.07161052816651522 -0.0027383747019208023 0.0019015403842614178 -0.0028382789028635093 -4.473539313023369E-5 -0.0010227852610803785 -5.423291265727987E-4 -0.0026995299853403883 1.8646179324193025E-4 2.8248723101963663E-4 -0.002122197689319184 0.0011112653845255752 -3.22104528619809E-5 -1.815643571801033E-5 -4.354005066754402E-4 6.745572617574972E-4 -2.683631177657808E-4 -3.185631940856446E-5 4.270530016888694E-5 -1.1203132227300182E-5
rates -0.09357174471360735 1.7714163932250403E-4 -0.013944204201668614 1.6812744334622086E-4 -0.0015550905722835741 0.0053543280028851324 -0.0026810990187825057 9.190863204920114E-4 0.011331272854083254 0.004347364501638392 0.009445560521448097 0.009652262719311796 -0.0010232849525799892 2.6785105923826896E-4 -1.90268179288741E-4 -3.654345215176899E-6 -8.141703504543656E-5 3.0469529657491546E-4 -1.2758273359858585E-4 -1.8828183607953505E-4
Argentina -0.10600811173077636 0.0014120006590297278 -0.0173121241149197 0.0019855433658994637 -0.0032393144066623757 0.004566431114234615 -0.0021012882082913466 0.0022760661397216273 0.0027228321981674587 -9.966319806249489E-4 -0.0017368345407228986 -0.008189247909208351 -0.003108821979355599 0.002874535071983385 5.731192569641438E-4 0.0018502390750147946 -0.001350514376496488 7.47352627456018E-4 -8.65401738551701E-5 -0.0012355396939082183
one -0.08708149899758758 -0.0020596711489594445 -0.004388464503549049 -0.002649614018268802 -8.638161243523307E-4 4.091713548586676E-4 -9.177339563473411E-4 -0.002291787963031649 0.0022223367828813918 6.107964029613984E-4 -0.0038327922982465215 -6.589534637905732E-4 0.0016409415497113447 0.0020365760304670672 -0.0033084328073485964 -0.006121978481517536 8.819559895037706E-4 0.0018588029096865788 3.9930242892650595E-4 0.0012281204947265458
its -0.07161052816651522 -0.0027383747019208023 0.0019015403842614178 -0.0028382789028635093 -4.473539313023369E-5 -0.0010227852610803785 -5.423291265727987E-4 -0.0026995299853403883 1.8646179324193025E-4 2.8248723101963663E-4 -0.002122197689319184 0.0011112653845255752 -3.22104528619809E-5 -1.815643571801033E-5 -4.354005066754402E-4 6.745572617574972E-4 -2.683631177657808E-4 -3.185631940856446E-5 4.270530016888694E-5 -1.1203132227300182E-5
% -0.06503111978910549 -0.002863615058738761 -0.004368279813407922 -0.008485228361863278 -8.184947636012621E-4 0.004593890462874448 0.02867564090051286 0.0031390840524095753 -0.0027996308982550524 4.849292489284675E-5 0.0015676046012977445 3.0275403690755115E-4 4.545651179075893E-7 -3.8240239246278677E-4 -6.310781515167293E-4 3.082761793621103E-5 -0.0010128648180776423 -1.7055702149606865E-4 -8.123012462399373E-4 3.0384497977383216E-4
8 -0.07161052816651522 -0.0027383747019208023 0.0019015403842614178 -0.0028382789028635093 -4.473539313023369E-5 -0.0010227852610803785 -5.423291265727987E-4 -0.0026995299853403883 1.8646179324193025E-4 2.8248723101963663E-4 -0.002122197689319184 0.0011112653845255752 -3.22104528619809E-5 -1.815643571801033E-5 -4.354005066754402E-4 6.745572617574972E-4 -2.683631177657808E-4 -3.185631940856446E-5 4.270530016888694E-5 -1.1203132227300182E-5
markets -0.08836250592913034 -8.113587677330283E-4 -0.007676565569512571 -7.108052727983797E-4 -0.0013660588010115055 0.0020315371979040347 -0.0013962972864940283 -3.720151851265913E-4 0.0031537667668639796 4.979294875916404E-4 -3.481106985596838E-4 -9.777187119973938E-4 0.0010360850954479446 -3.280514198577565E-4 3.9289896449640286E-4 5.010736008262336E-4 -5.304306763211947E-4 -0.0011009620288917428 6.129459922593872E-4 -2.3907076042334812E-4
