<OOV> -0.49424175249726077 -0.02325497968894863 2.4748215911745086E-4 0.001385461437791956 0.0020727027854047573 6.327941476241801E-4 -0.0018156941217756012 -2.7490557586692005E-4 1.7755262677837723E-4 -7.567182080302971E-4 -3.5813727998756554E-4 5.766093755462974E-5 -2.3869352866629228E-4 -3.474295875762013E-4 -7.906151416436723E-5 -1.400346232535906E-4 1.9806376038009267E-5 2.2341650637664641E-4 9.219732382875108E-5 -1.3178738449912535E-4
, -0.039423365969898524 0.007251619573275103 5.056103634376448E-4 0.014464418638003242 -0.0014655736776342852 1.2969753594702034E-4 -7.531862059097334E-5 -0.001024881784828178 -5.621208230781171E-4 -4.069198208429561E-4 -2.781589803209508E-4 -0.0011991863808653025 1.9469895691921513E-4 -3.604330645827183E-4 1.5592096402265149E-4 -7.08728789837039E-5 -5.616186776378984E-4 3.3579285077369836E-4 1.6560008265411463E-4 -1.0485764526634343E-4
the -0.06620647455076913 0.0043809925999680555 0.014142039570549447 -0.0020034431503391666 -0.0020885206732154816 0.0020846599502471596 2.7150288572992806E-4 -0.0013972862882439831 -0.0014842885529816681 -5.753981876461387E-4 -0.0017969919157543816 -3.187690389444585E-4 3.954452387290508E-4 6.277071247634772E-5 -9.871157476529151E-5 1.361937903261512E-4 4.9554324195156825E-5 -5.137194981648E-4 -4.7228726225658635E-4 0.0014738276901549877
in -0.02478262533398934 0.010029319416293814 -0.002472982328775723 -0.001476127674185983 0.008214917471833125 0.0014809302059203655 -1.8237723407833113E-4 -4.6833252170165357E-4 -0.0022060159636297944 -6.16763822819052E-4 -6.409685019458519E-4 -1.47305316071675E-4 -0.001449725491132743 -5.933600551173832E-4 5.803334435791657E-4 -6.656364416846668E-4 -1.45824673035663E-4 9.351487810494593E-4 6.759297564072946E-4 3.626002770584869E-4
of -0.02310793069804666 0.006673063282504084 2.9092648770307013E-5 -7.981362188070209E-4 0.004738914227169917 7.023164380935392E-4 -8.331322739199539E-4 -1.0181861475535596E-4 6.909584086507838E-4 -6.64008207280721E-5 -6.023024664327066E-4 1.5355704328204352E-4 -2.1874402353740083E-4 4.202734319284632E-4 -4.909843818120855E-4 -1.6160784544854673E-4 5.911475279097836E-4 -2.1051587713985718E-4 -3.167227873516464E-4 -3.811655144466417E-5
and -0.02692027475580121 0.004280213235099048 0.00317106573206264 -4.0717800778699773E-4 0.00201602657723021 0.0010564879721545147 -3.3446803760410455E-4 -7.117601758670259E-4 -4.792214839278591E-4 -5.281273922391007E-4 -6.767399242466303E-4 -1.3516362613894388E-4 -9.8605108016262E-5 -3.553210780231395E-4 -5.448508696788094E-4 2.947860779036628E-4 3.4838336515031647E-4 -2.0813858101553892E-4 4.590458546060419E-4 -0.0011892123229535186
" -0.016900176018770603 0.0017682250675943986 0.003295109480518521 4.3355093860200633E-4 -6.185689706527479E-4 -0.004217339582021833 -0.0027272342694853137 0.006824059137788567 -0.002793764668066506 4.2804226395398134E-4 -8.289861948865677E-4 -6.8853277517147E-4 -4.0901002639200443E-4 -4.29654159805462E-4 3.2215517376793284E-4 -2.7107042071675997E-5 1.7610916805868974E-5 -2.0510380502869016E-4 3.750351617903476E-5 -1.7709041946853627E-4
a -0.02944719009658502 0.00169395446932722 0.005969007660052499 -9.8232169799925E-4 -3.845617213364429E-4 9.315222573232522E-4 -3.897880441054804E-6 -1.0283610311207251E-4 -4.5748721486301667E-4 -2.2588994569879505E-4 2.0880181081185802E-4 5.63353721605054E-4 2.820297114711004E-4 1.6655832055536562E-4 4.646368457851813E-4 -4.3760332598972307E-4 4.429632943558849E-5 5.083201449380947E-4 2.7051851297749634E-4 -9.873904165560905E-4
to -0.022504934050222344 0.001750270767204441 0.004441790650957471 -2.240756891792402E-4 -4.205259625172688E-4 2.7402215323935107E-4 -7.511311385060707E-4 6.874166738025672E-4 0.0025642272971907218 0.0013755651726620717 0.0020751690947857287 -6.71829796715432E-4 -0.0010782536834743248 1.8963463047925034E-4 -4.063404463266093E-4 4.7140972230922525E-5 -5.277483052016737E-4 -2.2068567084928084E-4 8.358614378762088E-5 4.1797261889969296E-4
's -0.02102373247283251 0.0013745256412511725 0.004130162037817835 -3.922356815214945E-4 -4.5041573125063076E-4 4.531275674821109E-4 -5.619282260061686E-4 1.0940224040265339E-4 7.769786892049744E-4 3.7265243572706815E-4 -2.632108006271207E-4 5.950746356765982E-5 1.8797064970356463E-4 -9.580998496203147E-6 1.0825101706334248E-4 -2.5101864080771406E-4 1.3105251712788293E-4 5.027287926839552E-4 -3.184700795767235E-4 5.2965942547733356E-5
will -0.01811954636087662 0.001323989978555613 0.0039833915191313145 -7.590561781432273E-4 -5.452265599893864E-4 4.9823656998219806E-5 -3.5159287737857156E-4 -3.576486134398943E-4 7.861236209842204E-4 -1.530242119956473E-4 0.0038753334596779545 -0.0012482756141879395 -0.00304901883470317 -9.247079175286402E-4 -3.746306480354257E-5 5.206171244327419E-4 4.6778924453910677E-4 -4.941663651935923E-4 -2.596410664148733E-6 -6.461451040231627E-5
Chrysler -0.007386190088425432 -9.383760823797577E-4 4.881852421309148E-4 1.814480911175556E-4 8.411313714952498E-4 -0.0038528691372571758 0.00274648283457645 -0.0014090659458367019 2.129073593688911E-4 0.0027598559383248834 -8.003321785175392E-4 2.972457122638514E-4 -1.4308672400349217E-4 -0.0014095499759539541 0.0014752262507226636 -2.9739102793505687E-4 7.328521914621229E-4 -0.0011051144061073421 3.502832435349824E-4 -7.188731023001932E-4
at -0.011397947019770923 0.0020257108881624165 0.001184817439485321 4.589499800543877E-4 5.212553426973737E-4 1.7165242132710512E-4 -0.001112907771078226 9.801273166171564E-4 0.002835926203270524 0.00183112910477858 -3.673984737420564E-4 -1.7712230710729472E-4 4.642375846904074E-4 6.836368526608503E-4 -4.989141610868156E-4 -3.268300559146627E-4 -5.909229702781857E-4 1.6478700102646839E-4 -2.08677678945115E-4 3.965159602343229E-4
said -0.0075822927032009445 0.0015897585631122388 -9.077662290306865E-4 -5.827291431048326E-4 0.001059819265022168 -4.2869117195073096E-5 -3.313838829836232E-4 -5.099402169547433E-4 2.064983853198858E-5 -3.0367519149852385E-4 -4.6325803175020135E-4 -8.559788603203275E-5 -4.1104832053008453E-4 7.850382866447718E-5 -3.5084378304949356E-4 1.2906772552313982E-4 9.721697193010085E-5 -1.5045748117329817E-4 2.232818857156598E-4 -7.907131264180163E-4
The -0.009784509629247297 8.790968010427455E-4 0.0018362075435085872 -5.492091580491641E-4 -4.637193779348864E-4 3.844165657757384E-4 2.771805999028144E-4 3.0768536343463794E-4 2.718417738954747E-4 5.590144062074028E-4 9.583545399856409E-4 1.7865914898488865E-4 0.0013074016830959816 5.244024281437727E-4 -3.816771083433077E-4 -6.170344553790873E-4 -0.001118448624252488 -4.0779061613037366E-4 0.0011714176496073533 -0.0011044955434876221
million -0.00482014868058075 -7.184697887238788E-5 -0.002238477842396796 -7.143308579340514E-4 -5.9374687374657706E-5 -2.676184100071738E-4 2.815127737783382E-4 -2.599233175079596E-4 -1.7727664591206524E-4 1.3074348532737508E-4 -3.6663901243753574E-4 -5.035753607547702E-4 -4.524228880610139E-4 -3.0603117805658793E-4 -6.420233321351537E-5 1.2985577294258397E-4 -5.64967926511638E-5 4.090127572752811E-4 3.6003938371303014E-4 2.8924013772312605E-4
for -0.008662677938484485 0.0021502619203858328 3.043994957138723E-4 -3.7007066972266915E-4 0.0014062444264960126 2.6608601543597494E-4 -1.0213976270666319E-4 -2.2321521419783717E-4 -1.2575576219623488E-4 -2.499830944865241E-4 -8.17961106875574E-5 4.6125343795626777E-5 6.324620502011571E-5 7.24034147994631E-5 -1.1496180898262893E-4 -5.1185660053787586E-5 2.2069669090157238E-4 -1.6865077877817704E-4 6.437391591925676E-6 -1.042378190644846E-4
$ -0.011134366670719627 7.018350867085009E-4 0.002238726800671303 -3.750048494319486E-4 -2.4243864299659635E-4 2.5865638583221303E-4 -8.055347915275564E-5 -9.884004526169104E-5 -8.04361988011166E-5 -9.340942769985599E-5 4.5007746218792756E-5 1.2037763688990728E-4 1.423171389842568E-4 -9.33398476370669E-5 1.477692659629487E-4 -1.2754607810758206E-4 1.0171747606811522E-4 1.7423878092262624E-4 -1.870108890734866E-5 -1.1772504666707479E-4
said. -0.004448298042574755 7.171460215134768E-4 -3.5170371577163E-4 0.0032037312675411017 -0.0017774107031201707 0.0012173242365387078 8.908433410582985E-4 1.449042344286687E-4 -0.0011590560971511496 6.952055491220173E-4 1.8516126086748594E-4 0.0026425784038001023 -0.0016334181045299576 9.292066168590886E-4 -6.631695802182798E-4 -6.178323702034804E-4 9.256613934707705E-4 -2.1003017620998605E-4 1.249212883828996E-4 -2.1712420164576E-4
Tuesday -0.004689353539195251 -9.339853931623908E-4 -0.0013606398050412078 -8.880488870240604E-4 -8.883140949558009E-4 -8.267471250666998E-4 5.151205679481606E-4 -4.887948026406974E-4 4.513139094286547E-5 7.538238426891258E-4 -4.221474119940926E-4 -2.6903397491102003E-4 -3.2592881128986516E-4 -5.641404144930349E-4 1.6934866519889577E-4 -7.721573570328863E-5 -1.6166175482517297E-4 2.668719489812451E-4 5.692538989577996E-4 -2.8977879370210857E-4
was -0.011134366670719627 7.018350867085009E-4 0.002238726800671303 -3.750048494319486E-4 -2.4243864299659635E-4 2.5865638583221303E-4 -8.055347915275564E-5 -9.884004526169104E-5 -8.043619880111661E-5 -9.340942769985601E-5 4.500774621879273E-5 1.203776368899072E-4 1.4231713898425668E-4 -9.33398476370672E-5 1.4776926596294816E-4 -1.275460781075817E-4 1.017174760681156E-4 1.742387809226262E-4 -1.8701088907348778E-5 -1.1772504666707496E-4
about -0.0070010088100544415 9.306111136604138E-4 0.001169107601983884 -5.612615160659543E-4 -6.056811702237686E-4 2.7011865626250594E-4 3.2289521905025446E-4 3.910376177295406E-4 4.89989630050848E-4 9.633403961260235E-4 0.001250246473964603 7.97704790991427E-5 0.0016686472214298205 5.641186771753194E-4 -7.049163918700239E-4 -6.593165965936408E-4 -0.0015960689830961782 -8.376421666378578E-4 0.0016169652830274768 -8.802347811389679E-4
from -0.004390819102470713 0.001319460140638534 -2.3348863903375916E-4 0.0010184539240455657 1.7136166241652582E-4 4.5244533809491117E-4 1.2155113743122953E-4 -1.9657854427659557E-4 -2.163335093331673E-4 8.05756739642318E-5 -2.0146308832688157E-4 4.7680857397642943E-4 -4.5844278550763245E-4 2.3800859792181585E-4 -6.627046117520025E-4 1.3476524221147114E-4 2.952448682404629E-4 -3.721681944460506E-4 8.07117890768511E-6 -1.616332417117743E-4
is -0.005729703187842163 3.86883707476047E-4 9.846651434688343E-4 1.1919440873438553E-4 -1.1592302750871904E-4 1.920392710789861E-5 -5.140555507599538E-4 2.3603008145027445E-4 9.720191878979881E-4 4.4584914426596555E-4 -2.792749670642323E-4 -1.0187741104372164E-4 1.1313730404655507E-4 1.0337130976819498E-4 -3.0089733469704054E-4 6.425044065365472E-5 -1.054090448627454E-5 1.2908043448118858E-4 -2.449073805362877E-4 2.164128817506629E-4
be -0.005701091010696488 6.928206839592561E-4 6.898352377390172E-4 0.001349744836203849 -7.146633521336993E-4 4.4613859901722206E-4 -1.1886151012865144E-4 2.094189599523091E-4 5.187989574739318E-4 7.235044653744963E-4 -4.414172806254644E-4 3.2901508347582526E-4 -4.135261776814509E-4 2.3475255092283146E-4 -5.097225524711802E-4 2.381289995210987E-5 1.9686027384273986E-4 -1.043239152733886E-5 -1.3946551510873748E-4 1.3747778636710267E-4
on -0.0030381476271138914 0.0017981056429440566 -0.0010386014736956173 -2.861893651798805E-4 0.0018274871201450626 3.5371233919418105E-4 -5.133968408100015E-4 -5.379787790212017E-4 -8.096195447753733E-4 2.650707212365043E-4 -5.580852722654806E-5 7.013540561088746E-4 -6.494456486960941E-4 -2.998359301088534E-4 0.0010080444704905459 7.270934444107907E-4 -0.0029569496927059568 -3.690533294134477E-4 -0.0013937964474090819 -7.491808592150346E-5
plant -0.0032194363255335584 -0.0010804011688595088 -0.0011539265227257735 1.876358056864136E-4 -2.8852060535977723E-4 -2.7368840097094835E-5 -1.4071748562821486E-4 1.5216446105323514E-5 2.1019897710064208E-4 -6.07315682052128E-4 3.0795185867434364E-4 -2.3723043550432494E-4 4.655794926510883E-4 -4.1056198494770954E-4 7.514292125671034E-4 -8.911403248105435E-5 -1.4379518465904202E-4 4.896853292714918E-4 7.748078470285667E-4 9.947392077903133E-4
Mexico -0.004608760532997839 -6.559001552387979E-4 -9.729912574145676E-4 -9.106096327292614E-4 -7.824365878401015E-4 -0.0013563896661836193 6.59816182283E-4 -8.06801915476221E-4 3.036122299789295E-5 8.759617034683705E-4 -5.458110085952867E-4 -2.213279115450493E-4 -5.978201763446327E-4 4.768559394507406E-5 2.611831880117703E-4 -2.834099410280504E-4 1.9311714774012976E-5 7.57014760159505E-5 4.680923346661327E-4 -2.4439941608869975E-4
. -0.0029691644455252333 1.8715602312226686E-4 5.969938135123475E-4 -1.0000129318185292E-4 -6.465030479909232E-5 6.897503622192346E-5 -2.1480927774068177E-5 -2.635734540311759E-5 -2.1449653013631088E-5 -2.4909180719961604E-5 1.2002065658344722E-5 3.2100703170641933E-5 3.7951237062468434E-5 -2.489062603655125E-5 3.940513759011952E-5 -3.401228749535512E-5 2.712466028483086E-5 4.6463674912700304E-5 -4.986957041959706E-6 -3.139334577788668E-5
Corp. -0.00208317108479521 -0.001116537576546713 -0.0028770482081928836 -0.0010698405737289674 -0.0015315642329828511 -0.0013494095407755875 -1.1828069363714833E-4 -0.0010748533252900713 -3.199738533245749E-4 1.978581071339956E-4 -3.625080072329241E-4 -3.8587594973378336E-4 -7.209271336645737E-4 6.053054858775808E-4 3.2056683253667815E-4 1.7807075770445954E-4 -0.0013525687891768454 -8.186715109549727E-5 -6.020362267139367E-4 -1.4482454163501664E-4
that -0.004310612805144614 0.0012931790717365427 2.891023323140073E-6 -1.657561047957004E-4 9.822532853891702E-4 2.1146149588192802E-4 -1.198838214848772E-4 4.138640514550006E-6 -2.3794756757136183E-4 -1.6832372946468116E-4 -1.8005562751008056E-4 -5.377879548028309E-5 -1.9528793725190005E-4 -3.3141117010249886E-4 -9.147169372207298E-5 7.185467844495852E-5 1.7382681155836722E-4 3.9632124985293067E-5 2.3695728090363587E-4 -4.563298925743457E-4
Jeep -0.005646454828344698 2.5240014415229124E-4 9.09525772279358E-4 7.328797452911666E-5 -1.495554741027782E-4 -9.118154892877752E-5 1.622556832179875E-4 -1.5216926663721872E-4 -5.502693671526547E-5 -2.604705378623716E-4 3.0649430910508363E-4 -7.140029905674816E-5 5.708466842819267E-4 3.258164168251801E-4 5.051668308643955E-4 -1.5734245991519811E-4 5.708891476259178E-5 -3.886857487772069E-4 -4.214597848342935E-4 -6.197553469532964E-4
it -0.002915444269060138 -2.0024317530911685E-4 3.371474229718773E-4 6.345373358919111E-4 3.2809466130156664E-4 -0.0010970570596176912 6.675339238150347E-4 -6.428905597198215E-4 2.403211152702312E-4 2.6554679106066594E-4 3.330653115204254E-5 -3.930678854956118E-4 4.096967875135904E-4 -1.5834834417889284E-5 0.001443667521315764 -5.355602769916911E-4 4.1026020930844565E-4 -4.511944698298111E-4 -2.3645134894036772E-4 -3.8010862083662125E-4
market -0.004511652634839321 5.026197557050325E-4 -7.513418166884331E-4 -5.403065433582507E-4 4.703855996541533E-4 -6.18111833786054E-4 5.911628713295553E-4 -4.728198054957528E-4 -2.702802465041587E-5 6.58280220052502E-4 -4.7805498799017876E-4 -2.1679436526901482E-4 -4.003815348696192E-4 -9.804210894133651E-5 1.6106183435956998E-4 -1.6743707558973764E-4 1.226906503272009E-4 -1.431635692393577E-4 2.812403784779896E-4 -2.6221419651663443E-4
Brazil -0.0032759367450550104 -8.112706756503797E-4 -0.0015037860729280143 -5.94679636754582E-4 -8.698800485811029E-4 -0.0013662143345825265 7.055064942518239E-4 -8.245692511185822E-4 -4.759777270016483E-6 6.602001232326949E-4 -4.2992870886999346E-4 -5.5392826038618E-4 -3.178034614771657E-4 2.1107318152321583E-4 5.011843449846719E-4 -1.7138575268576444E-4 5.049863666392216E-6 -4.045444051394708E-4 -1.1552586092933901E-4 -3.446154544577126E-4
with -0.007003215272740197 5.376251572464934E-4 0.0013211654974436442 9.516143146156932E-5 -1.2918092896139306E-4 1.0817451686507712E-4 -4.286368822858598E-4 2.7392584512819866E-4 8.733316257732275E-4 5.014558285653109E-4 -2.2452039379268178E-4 -1.6405825686156515E-5 2.8675603882475755E-5 1.0603772931570156E-4 5.739588155156753E-6 -8.983968633531045E-5 -8.423959073726404E-6 2.6439224162374083E-4 -2.5964081554441173E-4 1.9012411637641484E-4
by -0.005677042078982538 0.0011623922674342927 4.2239953646382665E-4 -2.3137753556956827E-4 6.849950715865988E-4 1.6806956531489867E-4 -6.587843019622441E-5 -1.2403873991184076E-4 -6.818505445218385E-5 -1.3685287290982238E-4 -4.375367347967307E-5 4.08009374731597E-5 4.055764753863785E-5 2.4263680268762177E-5 -3.9851338755013544E-5 -4.022217908721788E-5 1.1983661809104629E-4 -5.781807701605039E-5 2.1454673101288768E-7 -7.646769901730148E-5
he -5.79781551022153E-5 -2.884645800188957E-4 4.2891983838705595E-4 7.364772261300748E-4 8.825606273465788E-4 -0.002908826244245844 -1.0663421237970744E-4 -5.437808303162194E-4 -6.95392948968125E-5 -6.787258133074425E-5 3.325974291774647E-4 0.0022830927068999323 5.617750370970849E-4 -0.0013245379030039299 -0.0016497620868776734 0.0010371546257915895 -3.486639519312411E-4 8.155482058678486E-4 1.3117345332341586E-4 6.853945483792547E-4
has -0.006958979169199768 4.386469291928129E-4 0.0013992042504195647 -2.3437803089496778E-4 -1.5152415187287254E-4 1.6166024114513313E-4 -5.0345924470472315E-5 -6.177502828855685E-5 -5.0272624250697855E-5 -5.838089231241E-5 2.812984138674545E-5 7.523602305619202E-5 8.894821186516043E-5 -5.8337404773167E-5 9.235579122684262E-5 -7.971629881723853E-5 6.357342254257232E-5 1.088992380766413E-4 -1.168818056709301E-5 -7.357815416692183E-5
which -0.002837643261512294 -2.1861183015218302E-5 5.182839610610197E-4 4.421775077138231E-4 1.6980318524001506E-4 -4.921714634072005E-4 -1.778844019599739E-4 -3.9084506138014415E-4 2.1722590501024633E-4 -4.796249430521171E-4 1.734690302502847E-4 -8.218838889854041E-5 2.500277410746526E-4 2.1051258156482583E-4 9.572002965499834E-4 -4.472639090789908E-4 3.491220006587075E-5 2.4154922633417574E-4 8.921969129539584E-4 5.938682241223901E-4
or -0.005583084620891695 3.5278988984572846E-4 0.0010948054845426932 -1.9225436984311996E-4 -4.9370307496065025E-5 7.573988354397396E-5 -1.6262254410613232E-4 -5.745294181971086E-5 1.6616611401775374E-4 -5.132480378505944E-5 8.169134509497045E-5 1.507755457862417E-4 1.4359918009784666E-5 3.836017222739016E-5 -3.350649938917805E-5 -2.4382040425224265E-6 2.098275526700818E-5 4.7593906182392324E-5 -1.2166921271267665E-4 -9.138173601869838E-5
Mercosur -0.005579114021843991 2.360986660039289E-4 0.0011496484638147237 -1.2897254357349563E-4 5.563441952099617E-5 1.9353554249177985E-4 2.3523110174729445E-4 1.2071080236643087E-4 -6.544456535627502E-6 6.144755746792224E-5 1.4492526238350122E-4 -4.026927716159596E-5 -1.9957444064573874E-6 9.567184168454014E-5 5.594923805558948E-5 2.7695261981419927E-5 -1.0533645668939374E-4 -5.079036122159123E-5 1.6323664049984186E-4 3.0619709966252766E-4
year -0.0015639811821362498 -2.7585321607510557E-4 -2.872736461648508E-4 5.661745766331216E-4 -2.613668893216387E-5 -3.956445937493479E-4 -2.5512065755491114E-4 -3.270002432987477E-4 3.9676310117570655E-4 -5.903017823899764E-4 -1.6837116373615038E-5 4.305826834985065E-5 4.151151779896407E-4 5.202514334856945E-4 0.0013242744306595157 2.439160723309872E-4 2.1046987262812497E-4 -0.0016305452424377092 -6.881195474035191E-4 -5.18656260674689E-4
We -0.006958979169199768 4.386469291928129E-4 0.0013992042504195647 -2.3437803089496778E-4 -1.5152415187287254E-4 1.6166024114513313E-4 -5.0345924470472315E-5 -6.177502828855685E-5 -5.0272624250697855E-5 -5.838089231241E-5 2.812984138674545E-5 7.523602305619202E-5 8.894821186516043E-5 -5.8337404773167E-5 9.235579122684262E-5 -7.971629881723853E-5 6.357342254257232E-5 1.088992380766413E-4 -1.168818056709301E-5 -7.357815416692183E-5
rates -0.001566397165347432 -6.360269981923072E-4 -3.2282268359127864E-4 6.4658369177211E-5 1.1910722487526684E-4 5.823325442483938E-4 -2.5986219991947564E-4 4.6143931361921763E-4 3.666918630007011E-4 -3.8532785102601873E-4 -1.1332669611978174E-4 5.355450993432196E-4 1.109487606578005E-4 -8.097090372362523E-4 6.481639509978361E-4 8.460478608157458E-4 2.967051408319738E-4 -8.520741020546991E-4 6.580655828738585E-4 -2.453805292481718E-4
Argentina -8.224025810654644E-4 -0.0016665701727440027 -0.003765266566814737 -0.0016478107102815478 -0.00199856424670128 -0.0014820362723589305 -1.7142938788161627E-4 -0.001039774345520169 -6.8638961670906E-5 2.460911654744544E-4 -9.011372280523588E-4 -7.18735666697757E-4 -0.0012612828316103184 7.065750650185853E-4 -6.349530850253251E-4 -1.8963604645177626E-4 -5.485876535665013E-4 8.297466253120335E-4 5.595337730002124E-4 -1.3424378377962644E-4
one -0.004256047981708447 -4.5517824919011254E-4 8.489305026452774E-4 7.231099550809526E-5 5.903582211954753E-4 2.164427418262984E-4 4.079150572306431E-4 2.5931176377853697E-4 -1.4816095972426354E-4 -1.7480434634580395E-4 5.4744926490844794E-5 -7.7260521261401E-5 -1.4481572713012896E-4 5.497332942298363E-4 -3.3121934623688297E-4 -1.959346555577273E-5 -2.708706155155391E-4 1.6447906177901328E-4 -7.524895646716793E-5 -1.7615072517808555E-4
its -0.005752756113205142 3.626147947993921E-4 0.0011566755136801733 -1.9375250553984002E-4 -1.2525996554824147E-4 1.336391326799767E-4 -4.161929756225712E-5 -5.106735671854038E-5 -4.1558702713910245E-5 -4.8261537644925594E-5 2.325400221304288E-5 6.219511239311872E-5 7.353052180853262E-5 -4.822558794581806E-5 7.634745408085658E-5 -6.589880702225054E-5 5.255402930185982E-5 9.002337014335683E-5 -9.662229268796871E-6 -6.082460744465536E-5
% -0.0028202988731566192 2.4926701606937414E-4 3.5468306744176827E-4 -2.203676399038271E-4 -2.529913300952877E-4 7.159839153674565E-5 5.788412809215855E-5 6.0822534030853516E-5 4.4703452965711816E-5 1.3264544603424006E-4 1.6317780772818127E-4 4.90818392444581E-5 2.951667491335595E-4 -3.177242662021389E-5 -6.618757117124781E-5 -2.6646193534259448E-5 -1.2251658406942112E-5 8.463811324112667E-5 -5.8260157932352066E-5 1.1286267971296341E-4
8 -0.0055671833353598136 3.5091754335425044E-4 0.0011193634003356515 -1.875024247159743E-4 -1.2121932149829818E-4 1.2932819291610652E-4 -4.027673957637782E-5 -4.942002263084552E-5 -4.02180994005583E-5 -4.6704713849928E-5 2.250387310939636E-5 6.018881844495361E-5 7.115856949212834E-5 -4.66699238185336E-5 7.388463298147412E-5 -6.377303905379086E-5 5.085873803405783E-5 8.711939046131304E-5 -9.35054445367439E-6 -5.886252333353741E-5
markets -0.0030112186165397025 -4.4582532191566845E-4 -3.980958128688135E-4 -4.313110377877124E-4 -4.28906375635089E-4 -1.685444893086672E-4 -3.967690224163674E-4 -2.2079779060095862E-4 2.323503388522063E-4 -1.6102133280081467E-4 -4.912458989922927E-4 2.1113301717083218E-4 -5.339406419982429E-4 2.3022315495924403E-4 2.7873315898661053E-4 1.677574458576284E-4 -2.0149916947302367E-4 -2.500186194414322E-4 5.604914757545668E-4 -2.0464469248369514E-4
<OOV> -0.039423365969898524 0.007251619573275103 5.056103634376448E-4 0.014464418638003242 -0.0014655736776342852 1.2969753594702034E-4 -7.531862059097334E-5 -0.001024881784828178 -5.621208230781171E-4 -4.069198208429561E-4 -2.781589803209508E-4 -0.0011991863808653025 1.9469895691921513E-4 -3.604330645827183E-4 1.5592096402265149E-4 -7.08728789837039E-5 -5.616186776378984E-4 3.3579285077369836E-4 1.6560008265411463E-4 -1.0485764526634343E-4
, -0.06620647455076913 0.0043809925999680555 0.014142039570549447 -0.0020034431503391666 -0.0020885206732154816 0.0020846599502471596 2.7150288572992806E-4 -0.0013972862882439831 -0.0014842885529816681 -5.753981876461387E-4 -0.0017969919157543816 -3.187690389444585E-4 3.954452387290508E-4 6.277071247634772E-5 -9.871157476529151E-5 1.361937903261512E-4 4.9554324195156825E-5 -5.137194981648E-4 -4.7228726225658635E-4 0.0014738276901549877
the -0.02478262533398934 0.010029319416293814 -0.002472982328775723 -0.001476127674185983 0.008214917471833125 0.0014809302059203655 -1.8237723407833113E-4 -4.6833252170165357E-4 -0.0022060159636297944 -6.16763822819052E-4 -6.409685019458519E-4 -1.47305316071675E-4 -0.001449725491132743 -5.933600551173832E-4 5.803334435791657E-4 -6.656364416846668E-4 -1.45824673035663E-4 9.351487810494593E-4 6.759297564072946E-4 3.626002770584869E-4
in -0.02310793069804666 0.006673063282504084 2.9092648770307013E-5 -7.981362188070209E-4 0.004738914227169917 7.023164380935392E-4 -8.331322739199539E-4 -1.0181861475535596E-4 6.909584086507838E-4 -6.64008207280721E-5 -6.023024664327066E-4 1.5355704328204352E-4 -2.1874402353740083E-4 4.202734319284632E-4 -4.909843818120855E-4 -1.6160784544854673E-4 5.911475279097836E-4 -2.1051587713985718E-4 -3.167227873516464E-4 -3.811655144466417E-5
of -0.02692027475580121 0.004280213235099048 0.00317106573206264 -4.0717800778699773E-4 0.00201602657723021 0.0010564879721545147 -3.3446803760410455E-4 -7.117601758670259E-4 -4.792214839278591E-4 -5.281273922391007E-4 -6.767399242466303E-4 -1.3516362613894388E-4 -9.8605108016262E-5 -3.553210780231395E-4 -5.448508696788094E-4 2.947860779036628E-4 3.4838336515031647E-4 -2.0813858101553892E-4 4.590458546060419E-4 -0.0011892123229535186
and -0.016900176018770603 0.0017682250675943986 0.003295109480518521 4.3355093860200633E-4 -6.185689706527479E-4 -0.004217339582021833 -0.0027272342694853137 0.006824059137788567 -0.002793764668066506 4.2804226395398134E-4 -8.289861948865677E-4 -6.8853277517147E-4 -4.0901002639200443E-4 -4.29654159805462E-4 3.2215517376793284E-4 -2.7107042071675997E-5 1.7610916805868974E-5 -2.0510380502869016E-4 3.750351617903476E-5 -1.7709041946853627E-4
" -0.02944719009658502 0.00169395446932722 0.005969007660052499 -9.8232169799925E-4 -3.845617213364429E-4 9.315222573232522E-4 -3.897880441054804E-6 -1.0283610311207251E-4 -4.5748721486301667E-4 -2.2588994569879505E-4 2.0880181081185802E-4 5.63353721605054E-4 2.820297114711004E-4 1.6655832055536562E-4 4.646368457851813E-4 -4.3760332598972307E-4 4.429632943558849E-5 5.083201449380947E-4 2.7051851297749634E-4 -9.873904165560905E-4
a -0.022504934050222344 0.001750270767204441 0.004441790650957471 -2.240756891792402E-4 -4.205259625172688E-4 2.7402215323935107E-4 -7.511311385060707E-4 6.874166738025672E-4 0.0025642272971907218 0.0013755651726620717 0.0020751690947857287 -6.71829796715432E-4 -0.0010782536834743248 1.8963463047925034E-4 -4.063404463266093E-4 4.7140972230922525E-5 -5.277483052016737E-4 -2.2068567084928084E-4 8.358614378762088E-5 4.1797261889969296E-4
to -0.02102373247283251 0.0013745256412511725 0.004130162037817835 -3.922356815214945E-4 -4.5041573125063076E-4 4.531275674821109E-4 -5.619282260061686E-4 1.0940224040265339E-4 7.769786892049744E-4 3.7265243572706815E-4 -2.632108006271207E-4 5.950746356765982E-5 1.8797064970356463E-4 -9.580998496203147E-6 1.0825101706334248E-4 -2.5101864080771406E-4 1.3105251712788293E-4 5.027287926839552E-4 -3.184700795767235E-4 5.2965942547733356E-5
's -0.01811954636087662 0.001323989978555613 0.0039833915191313145 -7.590561781432273E-4 -5.452265599893864E-4 4.9823656998219806E-5 -3.5159287737857156E-4 -3.576486134398943E-4 7.861236209842204E-4 -1.530242119956473E-4 0.0038753334596779545 -0.0012482756141879395 -0.00304901883470317 -9.247079175286402E-4 -3.746306480354257E-5 5.206171244327419E-4 4.6778924453910677E-4 -4.941663651935923E-4 -2.596410664148733E-6 -6.461451040231627E-5
will -0.007386190088425432 -9.383760823797577E-4 4.881852421309148E-4 1.814480911175556E-4 8.411313714952498E-4 -0.0038528691372571758 0.00274648283457645 -0.0014090659458367019 2.129073593688911E-4 0.0027598559383248834 -8.003321785175392E-4 2.972457122638514E-4 -1.4308672400349217E-4 -0.0014095499759539541 0.0014752262507226636 -2.9739102793505687E-4 7.328521914621229E-4 -0.0011051144061073421 3.502832435349824E-4 -7.188731023001932E-4
Chrysler -0.011397947019770923 0.0020257108881624165 0.001184817439485321 4.589499800543877E-4 5.212553426973737E-4 1.7165242132710512E-4 -0.001112907771078226 9.801273166171564E-4 0.002835926203270524 0.00183112910477858 -3.673984737420564E-4 -1.7712230710729472E-4 4.642375846904074E-4 6.836368526608503E-4 -4.989141610868156E-4 -3.268300559146627E-4 -5.909229702781857E-4 1.6478700102646839E-4 -2.08677678945115E-4 3.965159602343229E-4
at -0.0075822927032009445 0.0015897585631122388 -9.077662290306865E-4 -5.827291431048326E-4 0.001059819265022168 -4.2869117195073096E-5 -3.313838829836232E-4 -5.099402169547433E-4 2.064983853198858E-5 -3.0367519149852385E-4 -4.6325803175020135E-4 -8.559788603203275E-5 -4.1104832053008453E-4 7.850382866447718E-5 -3.5084378304949356E-4 1.2906772552313982E-4 9.721697193010085E-5 -1.5045748117329817E-4 2.232818857156598E-4 -7.907131264180163E-4
said -0.009784509629247297 8.790968010427455E-4 0.0018362075435085872 -5.492091580491641E-4 -4.637193779348864E-4 3.844165657757384E-4 2.771805999028144E-4 3.0768536343463794E-4 2.718417738954747E-4 5.590144062074028E-4 9.583545399856409E-4 1.7865914898488865E-4 0.0013074016830959816 5.244024281437727E-4 -3.816771083433077E-4 -6.170344553790873E-4 -0.001118448624252488 -4.0779061613037366E-4 0.0011714176496073533 -0.0011044955434876221
The -0.00482014868058075 -7.184697887238788E-5 -0.002238477842396796 -7.143308579340514E-4 -5.9374687374657706E-5 -2.676184100071738E-4 2.815127737783382E-4 -2.599233175079596E-4 -1.7727664591206524E-4 1.3074348532737508E-4 -3.6663901243753574E-4 -5.035753607547702E-4 -4.524228880610139E-4 -3.0603117805658793E-4 -6.420233321351537E-5 1.2985577294258397E-4 -5.64967926511638E-5 4.090127572752811E-4 3.6003938371303014E-4 2.8924013772312605E-4
million -0.008662677938484485 0.0021502619203858328 3.043994957138723E-4 -3.7007066972266915E-4 0.0014062444264960126 2.6608601543597494E-4 -1.0213976270666319E-4 -2.2321521419783717E-4 -1.2575576219623488E-4 -2.499830944865241E-4 -8.17961106875574E-5 4.6125343795626777E-5 6.324620502011571E-5 7.24034147994631E-5 -1.1496180898262893E-4 -5.1185660053787586E-5 2.2069669090157238E-4 -1.6865077877817704E-4 6.437391591925676E-6 -1.042378190644846E-4
for -0.011134366670719627 7.018350867085009E-4 0.002238726800671303 -3.750048494319486E-4 -2.4243864299659635E-4 2.5865638583221303E-4 -8.055347915275564E-5 -9.884004526169104E-5 -8.04361988011166E-5 -9.340942769985599E-5 4.5007746218792756E-5 1.2037763688990728E-4 1.423171389842568E-4 -9.33398476370669E-5 1.477692659629487E-4 -1.2754607810758206E-4 1.0171747606811522E-4 1.7423878092262624E-4 -1.870108890734866E-5 -1.1772504666707479E-4
$ -0.004448298042574755 7.171460215134768E-4 -3.5170371577163E-4 0.0032037312675411017 -0.0017774107031201707 0.0012173242365387078 8.908433410582985E-4 1.449042344286687E-4 -0.0011590560971511496 6.952055491220173E-4 1.8516126086748594E-4 0.0026425784038001023 -0.0016334181045299576 9.292066168590886E-4 -6.631695802182798E-4 -6.178323702034804E-4 9.256613934707705E-4 -2.1003017620998605E-4 1.249212883828996E-4 -2.1712420164576E-4
said. -0.004689353539195251 -9.339853931623908E-4 -0.0013606398050412078 -8.880488870240604E-4 -8.883140949558009E-4 -8.267471250666998E-4 5.151205679481606E-4 -4.887948026406974E-4 4.513139094286547E-5 7.538238426891258E-4 -4.221474119940926E-4 -2.6903397491102003E-4 -3.2592881128986516E-4 -5.641404144930349E-4 1.6934866519889577E-4 -7.721573570328863E-5 -1.6166175482517297E-4 2.668719489812451E-4 5.692538989577996E-4 -2.8977879370210857E-4
Tuesday -0.011134366670719627 7.018350867085009E-4 0.002238726800671303 -3.750048494319486E-4 -2.4243864299659635E-4 2.5865638583221303E-4 -8.055347915275564E-5 -9.884004526169104E-5 -8.043619880111661E-5 -9.340942769985601E-5 4.500774621879273E-5 1.203776368899072E-4 1.4231713898425668E-4 -9.33398476370672E-5 1.4776926596294816E-4 -1.275460781075817E-4 1.017174760681156E-4 1.742387809226262E-4 -1.8701088907348778E-5 -1.1772504666707496E-4
was -0.0070010088100544415 9.306111136604138E-4 0.001169107601983884 -5.612615160659543E-4 -6.056811702237686E-4 2.7011865626250594E-4 3.2289521905025446E-4 3.910376177295406E-4 4.89989630050848E-4 9.633403961260235E-4 0.001250246473964603 7.97704790991427E-5 0.0016686472214298205 5.641186771753194E-4 -7.049163918700239E-4 -6.593165965936408E-4 -0.0015960689830961782 -8.376421666378578E-4 0.0016169652830274768 -8.802347811389679E-4
about -0.004390819102470713 0.001319460140638534 -2.3348863903375916E-4 0.0010184539240455657 1.7136166241652582E-4 4.5244533809491117E-4 1.2155113743122953E-4 -1.9657854427659557E-4 -2.163335093331673E-4 8.05756739642318E-5 -2.0146308832688157E-4 4.7680857397642943E-4 -4.5844278550763245E-4 2.3800859792181585E-4 -6.627046117520025E-4 1.3476524221147114E-4 2.952448682404629E-4 -3.721681944460506E-4 8.07117890768511E-6 -1.616332417117743E-4
from -0.005729703187842163 3.86883707476047E-4 9.846651434688343E-4 1.1919440873438553E-4 -1.1592302750871904E-4 1.920392710789861E-5 -5.140555507599538E-4 2.3603008145027445E-4 9.720191878979881E-4 4.4584914426596555E-4 -2.792749670642323E-4 -1.0187741104372164E-4 1.1313730404655507E-4 1.0337130976819498E-4 -3.0089733469704054E-4 6.425044065365472E-5 -1.054090448627454E-5 1.2908043448118858E-4 -2.449073805362877E-4 2.164128817506629E-4
is -0.005701091010696488 6.928206839592561E-4 6.898352377390172E-4 0.001349744836203849 -7.146633521336993E-4 4.4613859901722206E-4 -1.1886151012865144E-4 2.094189599523091E-4 5.187989574739318E-4 7.235044653744963E-4 -4.414172806254644E-4 3.2901508347582526E-4 -4.135261776814509E-4 2.3475255092283146E-4 -5.097225524711802E-4 2.381289995210987E-5 1.9686027384273986E-4 -1.043239152733886E-5 -1.3946551510873748E-4 1.3747778636710267E-4
be -0.0030381476271138914 0.0017981056429440566 -0.0010386014736956173 -2.861893651798805E-4 0.0018274871201450626 3.5371233919418105E-4 -5.133968408100015E-4 -5.379787790212017E-4 -8.096195447753733E-4 2.650707212365043E-4 -5.580852722654806E-5 7.013540561088746E-4 -6.494456486960941E-4 -2.998359301088534E-4 0.0010080444704905459 7.270934444107907E-4 -0.0029569496927059568 -3.690533294134477E-4 -0.0013937964474090819 -7.491808592150346E-5
on -0.0032194363255335584 -0.0010804011688595088 -0.0011539265227257735 1.876358056864136E-4 -2.8852060535977723E-4 -2.7368840097094835E-5 -1.4071748562821486E-4 1.5216446105323514E-5 2.1019897710064208E-4 -6.07315682052128E-4 3.0795185867434364E-4 -2.3723043550432494E-4 4.655794926510883E-4 -4.1056198494770954E-4 7.514292125671034E-4 -8.911403248105435E-5 -1.4379518465904202E-4 4.896853292714918E-4 7.748078470285667E-4 9.947392077903133E-4
plant -0.004608760532997839 -6.559001552387979E-4 -9.729912574145676E-4 -9.106096327292614E-4 -7.824365878401015E-4 -0.0013563896661836193 6.59816182283E-4 -8.06801915476221E-4 3.036122299789295E-5 8.759617034683705E-4 -5.458110085952867E-4 -2.213279115450493E-4 -5.978201763446327E-4 4.768559394507406E-5 2.611831880117703E-4 -2.834099410280504E-4 1.9311714774012976E-5 7.57014760159505E-5 4.680923346661327E-4 -2.4439941608869975E-4
Mexico -0.0029691644455252333 1.8715602312226686E-4 5.969938135123475E-4 -1.0000129318185292E-4 -6.465030479909232E-5 6.897503622192346E-5 -2.1480927774068177E-5 -2.635734540311759E-5 -2.1449653013631088E-5 -2.4909180719961604E-5 1.2002065658344722E-5 3.2100703170641933E-5 3.7951237062468434E-5 -2.489062603655125E-5 3.940513759011952E-5 -3.401228749535512E-5 2.712466028483086E-5 4.6463674912700304E-5 -4.986957041959706E-6 -3.139334577788668E-5
. -0.00208317108479521 -0.001116537576546713 -0.0028770482081928836 -0.0010698405737289674 -0.0015315642329828511 -0.0013494095407755875 -1.1828069363714833E-4 -0.0010748533252900713 -3.199738533245749E-4 1.978581071339956E-4 -3.625080072329241E-4 -3.8587594973378336E-4 -7.209271336645737E-4 6.053054858775808E-4 3.2056683253667815E-4 1.7807075770445954E-4 -0.0013525687891768454 -8.186715109549727E-5 -6.020362267139367E-4 -1.4482454163501664E-4
Corp. -0.004310612805144614 0.0012931790717365427 2.891023323140073E-6 -1.657561047957004E-4 9.822532853891702E-4 2.1146149588192802E-4 -1.198838214848772E-4 4.138640514550006E-6 -2.3794756757136183E-4 -1.6832372946468116E-4 -1.8005562751008056E-4 -5.377879548028309E-5 -1.9528793725190005E-4 -3.3141117010249886E-4 -9.147169372207298E-5 7.185467844495852E-5 1.7382681155836722E-4 3.9632124985293067E-5 2.3695728090363587E-4 -4.563298925743457E-4
that -0.005646454828344698 2.5240014415229124E-4 9.09525772279358E-4 7.328797452911666E-5 -1.495554741027782E-4 -9.118154892877752E-5 1.622556832179875E-4 -1.5216926663721872E-4 -5.502693671526547E-5 -2.604705378623716E-4 3.0649430910508363E-4 -7.140029905674816E-5 5.708466842819267E-4 3.258164168251801E-4 5.051668308643955E-4 -1.5734245991519811E-4 5.708891476259178E-5 -3.886857487772069E-4 -4.214597848342935E-4 -6.197553469532964E-4
Jeep -0.002915444269060138 -2.0024317530911685E-4 3.371474229718773E-4 6.345373358919111E-4 3.2809466130156664E-4 -0.0010970570596176912 6.675339238150347E-4 -6.428905597198215E-4 2.403211152702312E-4 2.6554679106066594E-4 3.330653115204254E-5 -3.930678854956118E-4 4.096967875135904E-4 -1.5834834417889284E-5 0.001443667521315764 -5.355602769916911E-4 4.1026020930844565E-4 -4.511944698298111E-4 -2.3645134894036772E-4 -3.8010862083662125E-4
it -0.004511652634839321 5.026197557050325E-4 -7.513418166884331E-4 -5.403065433582507E-4 4.703855996541533E-4 -6.18111833786054E-4 5.911628713295553E-4 -4.728198054957528E-4 -2.702802465041587E-5 6.58280220052502E-4 -4.7805498799017876E-4 -2.1679436526901482E-4 -4.003815348696192E-4 -9.804210894133651E-5 1.6106183435956998E-4 -1.6743707558973764E-4 1.226906503272009E-4 -1.431635692393577E-4 2.812403784779896E-4 -2.6221419651663443E-4
market -0.0032759367450550104 -8.112706756503797E-4 -0.0015037860729280143 -5.94679636754582E-4 -8.698800485811029E-4 -0.0013662143345825265 7.055064942518239E-4 -8.245692511185822E-4 -4.759777270016483E-6 6.602001232326949E-4 -4.2992870886999346E-4 -5.5392826038618E-4 -3.178034614771657E-4 2.1107318152321583E-4 5.011843449846719E-4 -1.7138575268576444E-4 5.049863666392216E-6 -4.045444051394708E-4 -1.1552586092933901E-4 -3.446154544577126E-4
Brazil -0.007003215272740197 5.376251572464934E-4 0.0013211654974436442 9.516143146156932E-5 -1.2918092896139306E-4 1.0817451686507712E-4 -4.286368822858598E-4 2.7392584512819866E-4 8.733316257732275E-4 5.014558285653109E-4 -2.2452039379268178E-4 -1.6405825686156515E-5 2.8675603882475755E-5 1.0603772931570156E-4 5.739588155156753E-6 -8.983968633531045E-5 -8.423959073726404E-6 2.6439224162374083E-4 -2.5964081554441173E-4 1.9012411637641484E-4
with -0.005677042078982538 0.0011623922674342927 4.2239953646382665E-4 -2.3137753556956827E-4 6.849950715865988E-4 1.6806956531489867E-4 -6.587843019622441E-5 -1.2403873991184076E-4 -6.818505445218385E-5 -1.3685287290982238E-4 -4.375367347967307E-5 4.08009374731597E-5 4.055764753863785E-5 2.4263680268762177E-5 -3.9851338755013544E-5 -4.022217908721788E-5 1.1983661809104629E-4 -5.781807701605039E-5 2.1454673101288768E-7 -7.646769901730148E-5
by -5.79781551022153E-5 -2.884645800188957E-4 4.2891983838705595E-4 7.364772261300748E-4 8.825606273465788E-4 -0.002908826244245844 -1.0663421237970744E-4 -5.437808303162194E-4 -6.95392948968125E-5 -6.787258133074425E-5 3.325974291774647E-4 0.0022830927068999323 5.617750370970849E-4 -0.0013245379030039299 -0.0016497620868776734 0.0010371546257915895 -3.486639519312411E-4 8.155482058678486E-4 1.3117345332341586E-4 6.853945483792547E-4
he -0.006958979169199768 4.386469291928129E-4 0.0013992042504195647 -2.3437803089496778E-4 -1.5152415187287254E-4 1.6166024114513313E-4 -5.0345924470472315E-5 -6.177502828855685E-5 -5.0272624250697855E-5 -5.838089231241E-5 2.812984138674545E-5 7.523602305619202E-5 8.894821186516043E-5 -5.8337404773167E-5 9.235579122684262E-5 -7.971629881723853E-5 6.357342254257232E-5 1.088992380766413E-4 -1.168818056709301E-5 -7.357815416692183E-5
has -0.002837643261512294 -2.1861183015218302E-5 5.182839610610197E-4 4.421775077138231E-4 1.6980318524001506E-4 -4.921714634072005E-4 -1.778844019599739E-4 -3.9084506138014415E-4 2.1722590501024633E-4 -4.796249430521171E-4 1.734690302502847E-4 -8.218838889854041E-5 2.500277410746526E-4 2.1051258156482583E-4 9.572002965499834E-4 -4.472639090789908E-4 3.491220006587075E-5 2.4154922633417574E-4 8.921969129539584E-4 5.938682241223901E-4
which -0.005583084620891695 3.5278988984572846E-4 0.0010948054845426932 -1.9225436984311996E-4 -4.9370307496065025E-5 7.573988354397396E-5 -1.6262254410613232E-4 -5.745294181971086E-5 1.6616611401775374E-4 -5.132480378505944E-5 8.169134509497045E-5 1.507755457862417E-4 1.4359918009784666E-5 3.836017222739016E-5 -3.350649938917805E-5 -2.4382040425224265E-6 2.098275526700818E-5 4.7593906182392324E-5 -1.2166921271267665E-4 -9.138173601869838E-5
or -0.005579114021843991 2.360986660039289E-4 0.0011496484638147237 -1.2897254357349563E-4 5.563441952099617E-5 1.9353554249177985E-4 2.3523110174729445E-4 1.2071080236643087E-4 -6.544456535627502E-6 6.144755746792224E-5 1.4492526238350122E-4 -4.026927716159596E-5 -1.9957444064573874E-6 9.567184168454014E-5 5.594923805558948E-5 2.7695261981419927E-5 -1.0533645668939374E-4 -5.079036122159123E-5 1.6323664049984186E-4 3.0619709966252766E-4
Mercosur -0.0015639811821362498 -2.7585321607510557E-4 -2.872736461648508E-4 5.661745766331216E-4 -2.613668893216387E-5 -3.956445937493479E-4 -2.5512065755491114E-4 -3.270002432987477E-4 3.9676310117570655E-4 -5.903017823899764E-4 -1.6837116373615038E-5 4.305826834985065E-5 4.151151779896407E-4 5.202514334856945E-4 0.0013242744306595157 2.439160723309872E-4 2.1046987262812497E-4 -0.0016305452424377092 -6.881195474035191E-4 -5.18656260674689E-4
year -0.006958979169199768 4.386469291928129E-4 0.0013992042504195647 -2.3437803089496778E-4 -1.5152415187287254E-4 1.6166024114513313E-4 -5.0345924470472315E-5 -6.177502828855685E-5 -5.0272624250697855E-5 -5.838089231241E-5 2.812984138674545E-5 7.523602305619202E-5 8.894821186516043E-5 -5.8337404773167E-5 9.235579122684262E-5 -7.971629881723853E-5 6.357342254257232E-5 1.088992380766413E-4 -1.168818056709301E-5 -7.357815416692183E-5
We -0.001566397165347432 -6.360269981923072E-4 -3.2282268359127864E-4 6.4658369177211E-5 1.1910722487526684E-4 5.823325442483938E-4 -2.5986219991947564E-4 4.6143931361921763E-4 3.666918630007011E-4 -3.8532785102601873E-4 -1.1332669611978174E-4 5.355450993432196E-4 1.109487606578005E-4 -8.097090372362523E-4 6.481639509978361E-4 8.460478608157458E-4 2.967051408319738E-4 -8.520741020546991E-4 6.580655828738585E-4 -2.453805292481718E-4
rates -8.224025810654644E-4 -0.0016665701727440027 -0.003765266566814737 -0.0016478107102815478 -0.00199856424670128 -0.0014820362723589305 -1.7142938788161627E-4 -0.001039774345520169 -6.8638961670906E-5 2.460911654744544E-4 -9.011372280523588E-4 -7.18735666697757E-4 -0.0012612828316103184 7.065750650185853E-4 -6.349530850253251E-4 -1.8963604645177626E-4 -5.485876535665013E-4 8.297466253120335E-4 5.595337730002124E-4 -1.3424378377962644E-4
Argentina -0.004256047981708447 -4.5517824919011254E-4 8.489305026452774E-4 7.231099550809526E-5 5.903582211954753E-4 2.164427418262984E-4 4.079150572306431E-4 2.5931176377853697E-4 -1.4816095972426354E-4 -1.7480434634580395E-4 5.4744926490844794E-5 -7.7260521261401E-5 -1.4481572713012896E-4 5.497332942298363E-4 -3.3121934623688297E-4 -1.959346555577273E-5 -2.708706155155391E-4 1.6447906177901328E-4 -7.524895646716793E-5 -1.7615072517808555E-4
one -0.005752756113205142 3.626147947993921E-4 0.0011566755136801733 -1.9375250553984002E-4 -1.2525996554824147E-4 1.336391326799767E-4 -4.161929756225712E-5 -5.106735671854038E-5 -4.1558702713910245E-5 -4.8261537644925594E-5 2.325400221304288E-5 6.219511239311872E-5 7.353052180853262E-5 -4.822558794581806E-5 7.634745408085658E-5 -6.589880702225054E-5 5.255402930185982E-5 9.002337014335683E-5 -9.662229268796871E-6 -6.082460744465536E-5
its -0.0028202988731566192 2.4926701606937414E-4 3.5468306744176827E-4 -2.203676399038271E-4 -2.529913300952877E-4 7.159839153674565E-5 5.788412809215855E-5 6.0822534030853516E-5 4.4703452965711816E-5 1.3264544603424006E-4 1.6317780772818127E-4 4.90818392444581E-5 2.951667491335595E-4 -3.177242662021389E-5 -6.618757117124781E-5 -2.6646193534259448E-5 -1.2251658406942112E-5 8.463811324112667E-5 -5.8260157932352066E-5 1.1286267971296341E-4
% -0.0055671833353598136 3.5091754335425044E-4 0.0011193634003356515 -1.875024247159743E-4 -1.2121932149829818E-4 1.2932819291610652E-4 -4.027673957637782E-5 -4.942002263084552E-5 -4.02180994005583E-5 -4.6704713849928E-5 2.250387310939636E-5 6.018881844495361E-5 7.115856949212834E-5 -4.66699238185336E-5 7.388463298147412E-5 -6.377303905379086E-5 5.085873803405783E-5 8.711939046131304E-5 -9.35054445367439E-6 -5.886252333353741E-5
8 -0.0030112186165397025 -4.4582532191566845E-4 -3.980958128688135E-4 -4.313110377877124E-4 -4.28906375635089E-4 -1.685444893086672E-4 -3.967690224163674E-4 -2.2079779060095862E-4 2.323503388522063E-4 -1.6102133280081467E-4 -4.912458989922927E-4 2.1113301717083218E-4 -5.339406419982429E-4 2.3022315495924403E-4 2.7873315898661053E-4 1.677574458576284E-4 -2.0149916947302367E-4 -2.500186194414322E-4 5.604914757545668E-4 -2.0464469248369514E-4
markets -0.5228633188646392 0.019274166937034196 -0.005143249554544712 -0.0021105830285882685 -0.0027996275095284314 -5.382648246233859E-6 0.001572963359875602 6.149358859437672E-4 -6.104052194309454E-5 7.077470777805673E-4 6.39305829295425E-4 8.134386061046677E-5 5.424286318292473E-4 1.1151214604476297E-4 6.67452502785894E-5 1.4318425042044705E-4 1.5468823238088907E-4 -1.54269517388521E-4 -2.1213144548089784E-4 1.9338292784550054E-4
