<OOV> -0.3263252435593147 -0.02352647651109517 0.0014911509039688615 0.00457123914907024 -0.005793777881295262 5.1413375336024783E-5 -0.0019766370750810827 0.0012956681435894917 9.66678733359586E-4 9.04996737392427E-6 2.650796707594601E-4 -9.427233043581897E-4 -2.2018193532215847E-4 -7.728211085132965E-4 4.91566899356202E-4 3.9156094365441974E-4 1.865868179179019E-4 3.215592591922163E-4 -3.2711064298953914E-4 -2.714976109644579E-4
, -0.026224956453177767 0.0032832841609423736 -0.0011722570702715515 0.0011873418809815169 0.007112242695018233 -0.001032159827110898 -0.0047958298453922585 9.877527369217523E-4 0.0010911393523895363 -0.002830523634667098 0.0013906218517402516 -0.0022512399099857768 -0.0010584507766536304 -6.653927771833751E-4 -2.501314026247416E-4 3.5626035306415865E-4 -8.966537979602216E-4 3.259610055416414E-4 -1.6842139194863395E-4 -6.75800621351029E-4
the -0.3692162706630746 0.023150635778794688 -0.005522326689108706 0.006807317805155803 -0.003225088631933089 -0.0026852259626779043 1.8227534034864388E-4 -2.556448993142981E-4 -3.5909459394867867E-4 1.6569570703158662E-4 4.615112260922621E-4 5.817191614375501E-4 5.057616877260206E-4 5.065919072108111E-5 8.42336092357683E-5 3.65600541147943E-5 -1.6140905595213813E-4 7.28357419799842E-5 -2.0745085343791488E-4 -4.902958007677444E-4
in -0.06486642700593702 0.009076482295228673 0.0019658891719022795 -0.00721372881189634 -0.0023532851466438465 0.005896078074279623 -0.002293993946168772 0.004712859226981959 0.002062589651012767 0.0012011606575187863 -0.0011361364210561225 7.522952422412985E-4 -3.2378324248991477E-4 0.0011915418362138843 3.938796569787461E-4 7.322044913370779E-4 -2.436773339177444E-4 -6.535235431065431E-5 -5.179935292086277E-5 -3.1993948459577983E-4
of -0.03371012410049735 -0.002381459569785931 -0.001949959735780972 0.0040891794050585736 -5.938803875681143E-4 0.006891188618311336 0.0018433655102956328 -0.0010511300454378583 -1.6769979830348443E-4 -0.001170585569625908 4.760984723328057E-4 -0.0014324765062809918 8.576000372239732E-4 2.946539771952994E-4 -3.815831813538753E-4 -7.117702952724559E-4 -3.559643935982995E-4 -6.202844588118018E-4 2.83035442051381E-4 -1.1025969829405718E-5
and -0.048705187914756184 0.004577228816222231 0.0038652072570338853 -0.0043054171310580956 -0.00181529065254569 3.1700466535609706E-4 -3.837675537482969E-4 -7.554563018158868E-4 -5.0643663223836E-4 -1.5457711863698767E-4 0.0012604195705255806 -6.343780851594806E-4 4.4642181814397847E-4 -0.0013949705556255277 -4.38211712015652E-4 2.7227344868119665E-4 6.289712044661466E-4 7.361016304513385E-4 -3.416151022372192E-5 6.852826889984739E-4
" -0.03458461499222732 0.003480904858470933 0.004365494207597601 -0.002808795910080492 -5.70765131940938E-4 -7.944434328723624E-4 2.0116208094321785E-4 -0.0019526997128805157 -7.792241815626359E-5 -0.0017562393953405072 -0.0045105066686398345 -0.0016591975598882743 6.840802033707436E-4 -2.9877998413770324E-4 5.139353668114505E-4 -7.574162762354411E-4 7.145651988663021E-4 6.134659641030271E-4 6.671315204383099E-5 -0.0012864096794482315
a -0.03481514967574583 8.215350988947415E-4 0.0037270244218878938 -0.004050100280005656 -6.609550187353834E-4 -8.36019336873417E-4 5.645827179648738E-5 -1.953068161593119E-4 -5.173300251721188E-5 -1.691657112930987E-4 6.676379970652977E-4 2.7572416922236114E-4 -2.3669626675638824E-4 -5.268028978902132E-4 -8.129263059369397E-4 1.7335625736780445E-4 3.392806919008788E-4 0.0011325504833001319 5.127199855274965E-5 0.00193510011600558
to -0.028596766574614376 -0.0012264151884928327 0.0011625838552710567 -0.002939692833303541 -5.821370454748702E-4 -0.002863438168141568 0.0034528069864364908 0.0012375641764412748 -8.16438337089154E-4 -2.1447024408268036E-4 0.0012361457795995435 -0.0018167457584988232 -0.0010796217324993253 0.0017329984492473077 0.001498417604788199 5.736002469430074E-4 7.545871961570998E-4 -4.523536199605869E-4 -2.3084424600286737E-4 -4.977850237703582E-4
's -0.02381928848774272 -4.8008753723597335E-4 0.0016747385635286242 -7.318491726656418E-4 -8.017609791606038E-4 -0.002085896520551882 -3.0798559798477426E-4 -2.6620086421594004E-4 2.088782551661004E-4 0.001388133253056962 -8.820185965135797E-5 -4.086185021393929E-4 -8.576814595920103E-4 1.3042190880613072E-4 3.422692590887823E-4 1.0363494099984145E-4 -0.0014342868948647425 -8.468174370706765E-4 2.5773651443137743E-4 3.0876585944707353E-4
will -0.030735792999339807 0.0020935240652571233 0.0035046627752364683 -0.0034007840339374076 -0.0015028751508408152 -9.928499416175355E-4 3.145508908773883E-4 -7.737012419847416E-4 -2.364928512851738E-4 -4.107640627415118E-4 0.0015447956560017814 -9.234345230711672E-4 8.991087342064534E-4 0.0010814838040908983 0.0013397231943876415 -4.7238336022024425E-5 -8.787072470041748E-4 -6.440938338152637E-5 0.0014104834912821015 -6.094888417411068E-4
Chrysler -0.012501544468631822 7.53391204396989E-4 0.0019528698545940948 -9.785434362067914E-6 0.0021660327310852093 -3.3998787386807576E-4 9.574558617440833E-4 0.002040212768981654 5.238122637751078E-4 -0.0011067158728261723 3.800022438673839E-4 0.0031220205793228402 -0.001466272861380123 -0.0013410395365046639 2.8995488029393045E-4 -7.940464554373687E-4 3.601600159312505E-4 -7.783671744084357E-4 2.8749682983792796E-4 -9.199747478907899E-4
at -0.018112012666059305 4.770765217699213E-4 1.976336142439224E-4 -0.0011823901267487959 2.978538166752105E-4 -0.0011529905836799594 0.0010711119337608098 -2.1490767324459986E-5 -9.456373459445343E-4 3.9939454725041807E-4 9.830809403135544E-5 -9.181821267788772E-4 -0.0014217664060350301 8.146195812388683E-4 -0.0011225823837740943 1.8044573391624123E-4 -1.2945562187729906E-4 0.0010658754993524984 3.0320687668135743E-4 2.5435129442270875E-4
said -0.01030621009789131 -0.002032683294695161 -0.0031658613108470814 -0.0012376766753276467 1.7636238766318964E-4 -0.001001556799087494 0.0026197223190628275 0.0013526118547329139 4.2359712433557987E-4 4.6380104790492234E-4 7.810090625379346E-4 -3.4176122599777355E-4 -6.577919381229436E-5 -2.4688716722480274E-4 -2.583140811546322E-4 -2.064363238705625E-4 -2.4010390856568655E-4 6.942626876844893E-4 5.106452045230833E-4 -3.4797911677543116E-5
The -0.015836110476253818 0.001361776605462 0.0017164237975411801 -0.0016329213791653643 -9.935773467435061E-4 -2.8566732413633786E-4 -4.7577375517871755E-4 -3.895151777562522E-4 -0.0014187221629514207 -5.827561753565528E-4 2.4172980401280684E-4 -2.3317486133332916E-5 5.483420775221844E-5 -1.2698539098926752E-4 -2.1500338285504778E-4 5.264801084925082E-4 2.9062942005178137E-5 3.607289983073681E-5 -8.278696284521788E-5 6.74297499816522E-4
million -0.006340936136285007 -0.0022891886007869403 -0.0015263870297002255 -8.771296921301551E-4 0.001959088197727069 -4.212871044773726E-4 2.6285341016821267E-4 8.067468791188864E-4 9.120439074219349E-5 4.527429612915255E-4 -2.6507838220726895E-4 -5.000054811187725E-4 1.4423433732264698E-4 -4.6224574451208096E-4 -8.66179527539303E-4 -4.718791377943871E-4 2.7359885033865204E-4 -4.5536611406679796E-4 9.002375815471796E-5 -4.653484635449557E-4
for -0.012358979441731909 0.0015004159079547996 -1.0403712612969156E-4 -7.482196178718614E-4 0.0011607434567843286 3.0186611582539364E-5 -0.0010537978637498008 -1.0627562161632946E-4 -2.2567497237584505E-4 0.001183432499249621 2.708312570521357E-4 -6.979675195173263E-4 0.0014631959567347726 -3.9843366561978874E-4 3.982097783573554E-4 2.766819077856799E-4 5.240340139212312E-4 -3.354568668163524E-4 -2.0242564952062037E-4 2.5411862547261463E-4
$ -0.015728075371301237 0.0013435690441236322 0.0019655723179027363 -0.0015380461066394704 -7.063208153597938E-4 -1.5157029804320807E-4 -2.0928315427852636E-4 -6.557276978219445E-4 -8.789569573394609E-5 -1.8210254785837226E-4 2.3286135660546538E-4 -1.9036215155566373E-4 2.582604027381688E-4 -1.513733552705676E-4 1.8169565935376438E-5 1.5885693360479392E-4 8.761394872256629E-5 -1.621759564418306E-4 -3.024328062098302E-4 7.713993313128079E-5
said. -0.01040784106021546 4.411829523922164E-4 0.0010110987940531448 -8.401947627370228E-4 0.002182736317892437 -5.449038908302488E-4 -0.0017454909773948796 -1.5918621434181596E-4 -5.241462630914247E-4 0.001061208912047814 2.4986784312523773E-4 -5.073732014548565E-4 0.0013221221462213864 -4.2829588017504E-4 5.993219586281145E-4 4.4648196388075753E-4 5.364199754511827E-4 -6.217568629074719E-4 -3.644506170720389E-4 -1.1919824639158927E-6
Tuesday -0.004098624077431649 -0.001307271742392586 -8.256850078807596E-4 3.401171383862598E-4 -6.320236077824758E-4 -0.001308789432706248 9.78382232515061E-5 2.715638167866509E-4 -2.761452537664653E-4 1.7537891984309662E-4 -0.0014314398348567886 4.289471348843958E-4 -9.483924075856915E-4 -6.696590320905373E-4 0.0011966196452480183 -6.211353238787246E-4 -1.1377976262459726E-4 -0.0013590895082029836 0.0013185502133296987 7.255605047607715E-4
was -0.011129923623613305 9.323367867055089E-4 0.0015339868019998409 -0.0012000135602998818 1.3949685154227478E-4 -1.691722617031743E-4 -3.877986881342491E-4 -2.2660594719080921E-4 1.9658027251922417E-4 -8.353782643235931E-4 -3.386517652478455E-4 -8.841741385607966E-4 -3.3183404176933125E-4 -8.699231552622247E-4 -4.5754521777794516E-4 -4.381230467753457E-4 -2.3842725091426502E-4 -7.9405555532343E-4 -4.403296799037047E-4 -1.9757447855895757E-4
about -0.007530700597864988 2.9471661230882966E-4 4.57318215078044E-4 -4.2450596996845857E-4 -3.0394812891200657E-4 6.432820934469714E-4 -2.3555094300299238E-4 -2.4374657633768928E-4 -0.0023252136400879163 -0.0010581210165141162 -1.5728428866975414E-4 3.219824960990317E-4 -2.605821029934963E-4 6.341105480068261E-4 9.453799991174449E-5 -1.4998645154414914E-4 4.5142749805260546E-4 -0.001535729810398909 4.4052802018713883E-4 0.0010320229397317178
from -0.009402047975098781 0.0010776762604732541 3.0707319861898166E-4 -8.8455979723209E-4 4.301142066120739E-4 3.202512098710836E-4 -6.364710136535918E-4 2.5431749939693006E-4 -7.37718160144852E-5 1.7789447557638443E-4 1.1511180242993142E-4 -1.2825568409258545E-4 6.522804932989353E-5 -3.7240420258511633E-4 4.019669837703578E-4 3.0838912419929685E-4 2.2994950645552868E-4 -5.258512287860563E-4 7.340598390356872E-5 4.93843305774271E-5
is -0.007617629676929692 3.4824990573453476E-4 6.737467805832882E-4 2.758334313880644E-4 -4.676363910500595E-4 -2.210983598755512E-4 -3.803528651417305E-4 -4.628348220136473E-4 9.361849067446679E-6 2.398881798445272E-6 -4.226030098282239E-5 -4.1793505549389895E-4 -7.091876043724728E-4 -1.4836713201872776E-4 5.378882410025619E-4 8.49391160292183E-5 -1.5795775463938678E-4 1.5786314127016823E-4 -3.3641294657516023E-4 -4.5694983392323885E-5
be -0.010332908854377503 9.027397238107446E-4 0.0011826978226419905 -6.958656749964444E-4 6.744936575007503E-4 -3.328160762390517E-4 -5.142902590746516E-4 -3.7273403552750515E-4 -2.88317721593221E-4 1.8577594820155617E-4 1.5592399329164512E-4 -2.9080507040676727E-4 -2.8135857880244857E-4 -8.261668881689527E-5 1.2334114094639246E-5 2.1152316025788146E-4 2.1337377352091149E-4 -1.2124769828883058E-4 -3.2548487990833474E-4 -4.617550478931264E-5
on -0.005907866576816689 6.437751608749909E-4 -0.0010588697379684206 -7.010118506792895E-4 -1.7536210087617054E-4 3.080308957413007E-4 -1.0562611748395167E-4 0.0010254969443799832 1.738646147930291E-4 4.7984177627946335E-4 5.235413486987717E-4 -1.3973782785565793E-4 2.2230533272380012E-4 -7.114709137846022E-5 -6.904111699041888E-5 -0.0019634388136505346 -5.330833239248158E-4 8.208325934001862E-4 5.825318932967668E-4 -5.846100738370275E-4
plant -0.0031795732010470776 -0.0011615580093009437 -0.0010042350152530976 0.0015495052043612019 -0.0012771655545861476 -0.0019590752471048095 -0.002399074844837234 4.032901117287166E-4 0.0018580890857544164 -0.0015731998948241561 1.2493676226430484E-4 3.6303171565141545E-4 -5.7119962452089766E-5 0.0016166297490364258 -0.001067665417907496 -2.146799847659954E-4 0.0014882792862419714 -5.298749881736368E-4 7.917293468347018E-4 2.9738687562805754E-4
Mexico -0.006737243244894005 -7.373122144730235E-4 1.343101907538548E-4 -7.652087403448633E-4 -1.6789893421601768E-4 -6.696486280336216E-4 6.020676048325891E-4 5.304580290049583E-4 -1.131211684116019E-5 2.346681415495404E-4 7.71915658172559E-5 6.483401628210632E-4 3.2367377387301914E-5 -6.02291889860314E-4 -4.176437279067857E-4 -6.084612326267046E-4 1.1915640829297274E-4 1.2509556325553367E-4 1.7015349427564245E-4 -2.4216229086051805E-4
. -0.005736784583649783 6.142574329276302E-4 6.585767369763711E-4 -1.8115905214030037E-4 -1.104890810251394E-4 -2.8046177100803446E-4 -1.61609041271083E-5 -3.430043924411428E-4 -1.417263775606848E-4 1.0745467242519297E-4 -4.54697622567946E-4 -2.0992212356591114E-4 -3.5750958262822734E-4 1.3247413041621645E-4 -1.017355344772562E-5 1.2001015064081666E-4 1.9449312241620443E-4 3.232996637216996E-4 5.3891434312734034E-5 2.1074703573140837E-4
Corp. -0.002493260895201351 -0.003329960120307952 -0.00121406584648637 7.582842193981495E-4 8.443506256321E-4 9.140391086313101E-4 4.207798560860996E-4 5.546353729785107E-6 -1.2618843873578008E-4 -6.034375519180591E-5 2.3775412880542058E-4 1.498026832720507E-4 6.799767059657002E-4 6.032240026136819E-4 -1.6845297735708974E-4 -9.439807618747805E-4 -2.1946228033929973E-4 6.251659448891728E-5 -1.933730105851284E-4 -4.603206506699986E-4
that -0.006777251940008615 0.0010353572238012262 2.2732237005010082E-4 -5.278541122307308E-4 -1.6377528186858684E-5 4.3283499321194037E-4 1.1580370130215619E-4 2.3696611573087675E-4 2.71451620984434E-4 -2.0956271941335468E-4 -1.4553411808621155E-4 -2.0552198056360035E-4 8.072120451962637E-5 -1.6172990354938968E-4 -7.337901169110786E-5 -1.5849315142219434E-4 2.6732680278575148E-5 2.2084861974510243E-4 1.1524748914079573E-4 6.955614109434128E-4
Jeep -0.008458862017821015 6.505959847257518E-4 0.0010066570667573629 -6.62098933619288E-4 1.7745124693867035E-4 -2.911021949532712E-6 -1.857133848357033E-4 -2.610505443884013E-4 -5.2850828213257176E-5 -5.747619754206833E-4 3.4554211132048143E-4 3.1792363350660087E-4 -8.670336682463451E-5 -3.0200589990143293E-4 3.764003175228972E-5 2.5211905104864483E-4 -4.3118059297798223E-4 2.8324809218569175E-4 -5.9813846839240006E-5 5.6980540368990344E-5
it -0.006647779500937351 6.584829475591834E-4 7.733275753444452E-4 2.9439502897177396E-4 -4.7641985043295514E-5 -6.044452232050732E-4 -4.521373465301348E-5 1.2600308568858686E-4 4.2983896908991366E-4 -6.120538912805013E-4 8.011741003510699E-5 7.59894696464792E-4 4.4693062974756167E-4 1.2065152328596495E-4 -3.26180536293157E-4 1.7280135690290988E-4 -4.499652162363057E-5 -3.328180461684504E-4 2.1126168430392596E-5 1.7201993522855487E-4
market -0.005902969686860725 3.108769185895317E-5 -4.889322322284622E-4 5.025592483242661E-4 3.9933816727339664E-4 1.9491210054187704E-4 7.363260646211963E-4 -1.6757982430688987E-4 -3.3887003835655774E-5 -5.2951770062696926E-5 4.3405854861406254E-5 4.881946619472024E-4 -1.6289184615512911E-4 3.7138347630246777E-4 -2.8937300475871555E-4 -1.1373959753388313E-4 -1.3077590610128563E-4 1.512504448745198E-4 -2.1004538729022207E-4 3.131816393770571E-5
Brazil -0.004140619056785884 -0.0016271307237362036 -7.172919851483781E-4 1.1644016358469044E-5 6.227513346688158E-4 -8.314224111097413E-4 0.001477565045283994 6.854198446314513E-4 2.8832058358571367E-4 -6.361226061463363E-4 -2.5225287257544165E-4 9.009967202315767E-4 5.222024419675721E-4 -2.142143187768259E-4 -3.1299304961445823E-4 8.129397010363411E-5 -0.0011167700030882772 2.5083891983945913E-4 -2.363182985112363E-4 6.756761506515038E-5
with -0.00841231434804271 8.041083080749108E-4 8.215611396317937E-4 -2.4658681582693886E-4 -3.76984218865504E-4 -5.722534221112366E-4 -3.0431804980697347E-4 -5.153787347782639E-4 -1.0320757493762996E-4 1.352206088058488E-4 -7.987205052020301E-5 4.158916483166309E-5 -4.064860147807714E-4 4.199424304261991E-4 1.316618991383793E-4 -8.910570057392809E-5 -1.0921303885079087E-4 7.100700130950954E-5 -3.7736418496587713E-4 1.2796640700564953E-4
by -0.005046428228055487 -0.0013406231157517049 -9.3458383831561E-4 -5.4351090502366054E-5 -1.0279775422564715E-4 8.274114360004813E-4 4.0677323126146216E-4 1.6252572465736686E-4 -4.214520855746775E-4 -1.7808020179292577E-4 1.8164114212412843E-4 -7.89415964914902E-5 1.5704447588119188E-4 2.9132750274468635E-4 -4.4000233686565337E-4 -4.191641041187208E-4 3.9773927884069905E-4 2.7217044124930713E-4 5.0964756945570355E-6 -1.4231682963771242E-4
he -0.0031289037916049324 -0.0017033985293572265 -5.770142900780063E-4 -5.107004869488601E-4 3.751458941936505E-4 -0.0010285862920289797 0.002091198394685958 0.0016854386345986389 5.592951374206019E-4 -7.710171000645089E-4 -1.4349703745920495E-4 -8.176835893290798E-4 2.3103110097960227E-5 8.388615023523749E-5 6.548455574485691E-4 -5.3515514855357795E-5 7.024784658651628E-4 1.0058065782841487E-4 -9.16897041077785E-4 1.9593420821397217E-4
has -0.007493053029304861 5.525447722243692E-4 0.0010425806950153916 -6.584057932509112E-4 -1.5125540129105064E-4 5.4152804838872176E-5 -4.080504523749949E-4 2.0040007184146758E-4 -4.5846483810120455E-4 -3.6474569652314047E-4 2.3339392854426866E-4 6.281804589338919E-6 -2.0002878435292483E-4 -4.5926300573201275E-4 -5.998477646627005E-5 8.736528980262469E-5 9.046230388285437E-5 7.586019299760718E-5 -1.63126123618617E-4 -2.0022717563231794E-4
which -0.0030951396136591957 -0.0012269599636211572 -5.924545389860781E-4 -1.3957213208012158E-4 0.0011021094762441886 -0.0011804755788965286 -3.936494472192688E-4 6.04895699843543E-4 2.006760258016277E-4 5.207635231540951E-4 -7.209775052829075E-5 -1.6098988746280008E-4 8.958334692567163E-4 1.776103455044164E-4 -4.609135384031782E-4 2.2487132351109592E-4 4.4286233973382834E-4 -3.6455222857016993E-4 2.537800312521489E-4 1.1322444252911822E-4
or -0.0046743027888198506 4.7475676797857484E-4 5.834918939031174E-4 -5.098062601527799E-4 5.026408504880364E-4 1.6364044241837697E-4 -2.9569786670393587E-4 2.1243083807432836E-4 -1.2336767332068435E-4 -4.3494666764559443E-4 2.135337922247103E-4 -1.1290557933252565E-4 -7.914599149145524E-4 -2.800456316628549E-4 1.6639666625676186E-4 -1.332461169118667E-4 -8.782402905508704E-5 -1.9320295939342913E-4 4.353990200200776E-4 -5.981178401579988E-5
Mercosur -0.004221654804338663 -0.0029542882453786152 -0.0013267184358375429 -0.0012233603362246466 2.2599375586636268E-4 -0.0012279056595279215 0.0016181276791699497 7.691153618849464E-4 7.015886699347301E-5 4.8576285488347726E-4 -1.2280973923924565E-4 2.242631924976216E-4 -2.5207881853324876E-4 2.639427536865492E-6 -8.678428135634274E-4 4.7982881790928885E-5 -1.602934961820203E-4 2.1729606605449682E-4 4.1919136268121066E-4 -3.9959851047550386E-4
year -0.003193596443236004 -0.0018673046506987652 -9.99451528272925E-4 -1.8079151951272404E-4 2.5975381810515626E-4 -8.457126374011285E-4 9.776482854107781E-4 3.6761008004895166E-4 1.72345409837173E-4 -1.412351307805041E-5 -8.456896956978174E-5 4.0466102502316665E-4 5.060595552223647E-7 -8.775645074394745E-6 -5.286956590021833E-4 2.462415531361824E-5 -0.001405723606832083 2.0732855514021348E-4 -4.2181187592748215E-4 7.937321873238359E-5
We -0.005865569035915419 0.002059213613408571 -0.0021034868590694687 1.2969165838290509E-5 -2.675296908961775E-4 9.582821791004992E-4 3.440128781791611E-4 2.6504860615661973E-4 3.35596515410976E-4 4.6593156717143714E-4 3.6239782910318333E-4 -3.2891374949960275E-4 3.06691309132978E-4 -6.08906312461008E-4 -8.416738070675401E-5 -1.8146520800572144E-4 3.1209002078914666E-4 2.2397405932218464E-4 2.6967971822024266E-4 2.5616656121878027E-4
rates -0.003844978962184702 -6.692950026912075E-5 3.587333108244954E-4 4.100201873792511E-4 1.152187704879599E-4 4.7003451558773085E-4 1.666969893632588E-5 -6.717304503688348E-4 -4.1112107291259157E-4 1.037725102984336E-4 -2.0742773001120976E-4 -3.292878116248008E-4 -8.195947596763299E-4 5.747368812971624E-4 3.818290540931746E-5 -5.575337696367394E-4 1.783393144965973E-4 -6.899460439454548E-4 1.9096606828356158E-5 5.820477691189529E-4
Argentina -6.115026799874881E-4 -0.0031423132703599205 -0.00187853186535615 -3.525086011287622E-4 0.003041881752888013 -0.0016771574933289234 -6.130734017654795E-4 8.93779399533692E-4 -5.024525381788572E-4 0.002208114442989627 -1.7389171522743635E-4 -4.7391492659953346E-4 0.001808427813823343 -1.1524589467457057E-4 8.482595883180913E-5 5.211406283815796E-4 4.13033138016804E-4 -3.519528865293039E-4 -5.115362487054675E-5 -2.3167790821293429E-4
one -0.007451666298604617 4.0661262301433624E-4 0.001115610970527242 -2.8243074788239866E-4 -4.643996546765132E-4 1.2712517458814793E-4 -1.0003874671210612E-4 -2.3749693865509857E-4 8.256674880635707E-6 5.264133735922639E-5 1.1497366647854897E-4 -2.2935156046859212E-4 1.240926525724896E-4 -2.980621912804367E-4 -3.243629391593512E-5 2.300821878902914E-4 -9.052537478537078E-5 5.636030467760347E-5 -8.917654455966785E-5 3.009498658151048E-4
its -0.005862740979695435 -6.439091728612001E-4 4.572412695675326E-4 2.01467256543603E-4 -5.169435022204339E-5 0.0014648791350614478 -2.5058618204939695E-4 -0.0010568498544159942 -1.9672355353949345E-4 -6.713518670478575E-4 3.1675964660154586E-4 9.360750641446935E-7 1.8418705880506384E-4 7.76289183238586E-4 4.437949974878882E-5 -5.664961433508016E-4 6.279111268064052E-4 -1.7936271268426297E-4 -2.51271166695887E-4 -2.9434139380026265E-5
% -0.0037415824558952597 2.0117635126303232E-4 4.4565654260143785E-4 -1.0595058804171738E-4 -1.5315568740660945E-4 -1.7902758619838473E-4 -1.8356076099023064E-4 -1.1005026796471595E-4 6.586338973606244E-5 1.6982234952343887E-5 -3.00667966724401E-4 1.1278637260748567E-4 -2.95743812960467E-4 -1.5010572795422E-4 7.969324510846455E-4 -2.181418600129696E-5 4.5531406604189625E-4 7.263816923154952E-4 -2.0685917727832745E-4 1.5723171197312352E-4
8 -0.004777465638835824 -2.1062132666758543E-4 5.164171370793352E-4 5.029082615284755E-4 -9.561541283268572E-5 6.918938059238133E-4 7.308307675950027E-7 -4.1857828148354607E-4 4.452093355597682E-6 -3.970914610401837E-4 1.512110690637111E-4 5.3211289276792024E-5 2.7230886461657985E-4 8.37058450643905E-5 9.721571091597337E-5 1.435604495283814E-4 -3.6950980744049415E-4 6.380685536414537E-6 -2.740197109367511E-4 -4.350748505557705E-5
markets -0.005733872343122541 -2.1530037633883897E-4 3.9218983072977846E-4 -5.526624169849166E-4 -3.000536271612392E-4 -3.6680512038534974E-4 1.8979667841523225E-4 -3.889580940223636E-5 2.5123298519610584E-5 2.887377451877905E-4 1.6709939120233807E-5 -1.743798164516793E-4 -1.4791035950833782E-4 -1.019473568976132E-4 -2.5071454847812964E-4 -1.1389107183177355E-4 -2.974779899132139E-4 -1.8189462904374251E-4 -5.569078283562881E-5 4.659996145025031E-5
<OOV> -0.026224956453177767 0.0032832841609423736 -0.0011722570702715515 0.0011873418809815169 0.007112242695018233 -0.001032159827110898 -0.0047958298453922585 9.877527369217523E-4 0.0010911393523895363 -0.002830523634667098 0.0013906218517402516 -0.0022512399099857768 -0.0010584507766536304 -6.653927771833751E-4 -2.501314026247416E-4 3.5626035306415865E-4 -8.966537979602216E-4 3.259610055416414E-4 -1.6842139194863395E-4 -6.75800621351029E-4
, -0.3692162706630746 0.023150635778794688 -0.005522326689108706 0.006807317805155803 -0.003225088631933089 -0.0026852259626779043 1.8227534034864388E-4 -2.556448993142981E-4 -3.5909459394867867E-4 1.6569570703158662E-4 4.615112260922621E-4 5.817191614375501E-4 5.057616877260206E-4 5.065919072108111E-5 8.42336092357683E-5 3.65600541147943E-5 -1.6140905595213813E-4 7.28357419799842E-5 -2.0745085343791488E-4 -4.902958007677444E-4
the -0.06486642700593702 0.009076482295228673 0.0019658891719022795 -0.00721372881189634 -0.0023532851466438465 0.005896078074279623 -0.002293993946168772 0.004712859226981959 0.002062589651012767 0.0012011606575187863 -0.0011361364210561225 7.522952422412985E-4 -3.2378324248991477E-4 0.0011915418362138843 3.938796569787461E-4 7.322044913370779E-4 -2.436773339177444E-4 -6.535235431065431E-5 -5.179935292086277E-5 -3.1993948459577983E-4
in -0.03371012410049735 -0.002381459569785931 -0.001949959735780972 0.0040891794050585736 -5.938803875681143E-4 0.006891188618311336 0.0018433655102956328 -0.0010511300454378583 -1.6769979830348443E-4 -0.001170585569625908 4.760984723328057E-4 -0.0014324765062809918 8.576000372239732E-4 2.946539771952994E-4 -3.815831813538753E-4 -7.117702952724559E-4 -3.559643935982995E-4 -6.202844588118018E-4 2.83035442051381E-4 -1.1025969829405718E-5
of -0.048705187914756184 0.004577228816222231 0.0038652072570338853 -0.0043054171310580956 -0.00181529065254569 3.1700466535609706E-4 -3.837675537482969E-4 -7.554563018158868E-4 -5.0643663223836E-4 -1.5457711863698767E-4 0.0012604195705255806 -6.343780851594806E-4 4.4642181814397847E-4 -0.0013949705556255277 -4.38211712015652E-4 2.7227344868119665E-4 6.289712044661466E-4 7.361016304513385E-4 -3.416151022372192E-5 6.852826889984739E-4
and -0.03458461499222732 0.003480904858470933 0.004365494207597601 -0.002808795910080492 -5.70765131940938E-4 -7.944434328723624E-4 2.0116208094321785E-4 -0.0019526997128805157 -7.792241815626359E-5 -0.0017562393953405072 -0.0045105066686398345 -0.0016591975598882743 6.840802033707436E-4 -2.9877998413770324E-4 5.139353668114505E-4 -7.574162762354411E-4 7.145651988663021E-4 6.134659641030271E-4 6.671315204383099E-5 -0.0012864096794482315
" -0.03481514967574583 8.215350988947415E-4 0.0037270244218878938 -0.004050100280005656 -6.609550187353834E-4 -8.36019336873417E-4 5.645827179648738E-5 -1.953068161593119E-4 -5.173300251721188E-5 -1.691657112930987E-4 6.676379970652977E-4 2.7572416922236114E-4 -2.3669626675638824E-4 -5.268028978902132E-4 -8.129263059369397E-4 1.7335625736780445E-4 3.392806919008788E-4 0.0011325504833001319 5.127199855274965E-5 0.00193510011600558
a -0.028596766574614376 -0.0012264151884928327 0.0011625838552710567 -0.002939692833303541 -5.821370454748702E-4 -0.002863438168141568 0.0034528069864364908 0.0012375641764412748 -8.16438337089154E-4 -2.1447024408268036E-4 0.0012361457795995435 -0.0018167457584988232 -0.0010796217324993253 0.0017329984492473077 0.001498417604788199 5.736002469430074E-4 7.545871961570998E-4 -4.523536199605869E-4 -2.3084424600286737E-4 -4.977850237703582E-4
to -0.02381928848774272 -4.8008753723597335E-4 0.0016747385635286242 -7.318491726656418E-4 -8.017609791606038E-4 -0.002085896520551882 -3.0798559798477426E-4 -2.6620086421594004E-4 2.088782551661004E-4 0.001388133253056962 -8.820185965135797E-5 -4.086185021393929E-4 -8.576814595920103E-4 1.3042190880613072E-4 3.422692590887823E-4 1.0363494099984145E-4 -0.0014342868948647425 -8.468174370706765E-4 2.5773651443137743E-4 3.0876585944707353E-4
's -0.030735792999339807 0.0020935240652571233 0.0035046627752364683 -0.0034007840339374076 -0.0015028751508408152 -9.928499416175355E-4 3.145508908773883E-4 -7.737012419847416E-4 -2.364928512851738E-4 -4.107640627415118E-4 0.0015447956560017814 -9.234345230711672E-4 8.991087342064534E-4 0.0010814838040908983 0.0013397231943876415 -4.7238336022024425E-5 -8.787072470041748E-4 -6.440938338152637E-5 0.0014104834912821015 -6.094888417411068E-4
will -0.012501544468631822 7.53391204396989E-4 0.0019528698545940948 -9.785434362067914E-6 0.0021660327310852093 -3.3998787386807576E-4 9.574558617440833E-4 0.002040212768981654 5.238122637751078E-4 -0.0011067158728261723 3.800022438673839E-4 0.0031220205793228402 -0.001466272861380123 -0.0013410395365046639 2.8995488029393045E-4 -7.940464554373687E-4 3.601600159312505E-4 -7.783671744084357E-4 2.8749682983792796E-4 -9.199747478907899E-4
Chrysler -0.018112012666059305 4.770765217699213E-4 1.976336142439224E-4 -0.0011823901267487959 2.978538166752105E-4 -0.0011529905836799594 0.0010711119337608098 -2.1490767324459986E-5 -9.456373459445343E-4 3.9939454725041807E-4 9.830809403135544E-5 -9.181821267788772E-4 -0.0014217664060350301 8.146195812388683E-4 -0.0011225823837740943 1.8044573391624123E-4 -1.2945562187729906E-4 0.0010658754993524984 3.0320687668135743E-4 2.5435129442270875E-4
at -0.01030621009789131 -0.002032683294695161 -0.0031658613108470814 -0.0012376766753276467 1.7636238766318964E-4 -0.001001556799087494 0.0026197223190628275 0.0013526118547329139 4.2359712433557987E-4 4.6380104790492234E-4 7.810090625379346E-4 -3.4176122599777355E-4 -6.577919381229436E-5 -2.4688716722480274E-4 -2.583140811546322E-4 -2.064363238705625E-4 -2.4010390856568655E-4 6.942626876844893E-4 5.106452045230833E-4 -3.4797911677543116E-5
said -0.015836110476253818 0.001361776605462 0.0017164237975411801 -0.0016329213791653643 -9.935773467435061E-4 -2.8566732413633786E-4 -4.7577375517871755E-4 -3.895151777562522E-4 -0.0014187221629514207 -5.827561753565528E-4 2.4172980401280684E-4 -2.3317486133332916E-5 5.483420775221844E-5 -1.2698539098926752E-4 -2.1500338285504778E-4 5.264801084925082E-4 2.9062942005178137E-5 3.607289983073681E-5 -8.278696284521788E-5 6.74297499816522E-4
The -0.006340936136285007 -0.0022891886007869403 -0.0015263870297002255 -8.771296921301551E-4 0.001959088197727069 -4.212871044773726E-4 2.6285341016821267E-4 8.067468791188864E-4 9.120439074219349E-5 4.527429612915255E-4 -2.6507838220726895E-4 -5.000054811187725E-4 1.4423433732264698E-4 -4.6224574451208096E-4 -8.66179527539303E-4 -4.718791377943871E-4 2.7359885033865204E-4 -4.5536611406679796E-4 9.002375815471796E-5 -4.653484635449557E-4
million -0.012358979441731909 0.0015004159079547996 -1.0403712612969156E-4 -7.482196178718614E-4 0.0011607434567843286 3.0186611582539364E-5 -0.0010537978637498008 -1.0627562161632946E-4 -2.2567497237584505E-4 0.001183432499249621 2.708312570521357E-4 -6.979675195173263E-4 0.0014631959567347726 -3.9843366561978874E-4 3.982097783573554E-4 2.766819077856799E-4 5.240340139212312E-4 -3.354568668163524E-4 -2.0242564952062037E-4 2.5411862547261463E-4
for -0.015728075371301237 0.0013435690441236322 0.0019655723179027363 -0.0015380461066394704 -7.063208153597938E-4 -1.5157029804320807E-4 -2.0928315427852636E-4 -6.557276978219445E-4 -8.789569573394609E-5 -1.8210254785837226E-4 2.3286135660546538E-4 -1.9036215155566373E-4 2.582604027381688E-4 -1.513733552705676E-4 1.8169565935376438E-5 1.5885693360479392E-4 8.761394872256629E-5 -1.621759564418306E-4 -3.024328062098302E-4 7.713993313128079E-5
$ -0.01040784106021546 4.411829523922164E-4 0.0010110987940531448 -8.401947627370228E-4 0.002182736317892437 -5.449038908302488E-4 -0.0017454909773948796 -1.5918621434181596E-4 -5.241462630914247E-4 0.001061208912047814 2.4986784312523773E-4 -5.073732014548565E-4 0.0013221221462213864 -4.2829588017504E-4 5.993219586281145E-4 4.4648196388075753E-4 5.364199754511827E-4 -6.217568629074719E-4 -3.644506170720389E-4 -1.1919824639158927E-6
said. -0.004098624077431649 -0.001307271742392586 -8.256850078807596E-4 3.401171383862598E-4 -6.320236077824758E-4 -0.001308789432706248 9.78382232515061E-5 2.715638167866509E-4 -2.761452537664653E-4 1.7537891984309662E-4 -0.0014314398348567886 4.289471348843958E-4 -9.483924075856915E-4 -6.696590320905373E-4 0.0011966196452480183 -6.211353238787246E-4 -1.1377976262459726E-4 -0.0013590895082029836 0.0013185502133296987 7.255605047607715E-4
Tuesday -0.011129923623613305 9.323367867055089E-4 0.0015339868019998409 -0.0012000135602998818 1.3949685154227478E-4 -1.691722617031743E-4 -3.877986881342491E-4 -2.2660594719080921E-4 1.9658027251922417E-4 -8.353782643235931E-4 -3.386517652478455E-4 -8.841741385607966E-4 -3.3183404176933125E-4 -8.699231552622247E-4 -4.5754521777794516E-4 -4.381230467753457E-4 -2.3842725091426502E-4 -7.9405555532343E-4 -4.403296799037047E-4 -1.9757447855895757E-4
was -0.007530700597864988 2.9471661230882966E-4 4.57318215078044E-4 -4.2450596996845857E-4 -3.0394812891200657E-4 6.432820934469714E-4 -2.3555094300299238E-4 -2.4374657633768928E-4 -0.0023252136400879163 -0.0010581210165141162 -1.5728428866975414E-4 3.219824960990317E-4 -2.605821029934963E-4 6.341105480068261E-4 9.453799991174449E-5 -1.4998645154414914E-4 4.5142749805260546E-4 -0.001535729810398909 4.4052802018713883E-4 0.0010320229397317178
about -0.009402047975098781 0.0010776762604732541 3.0707319861898166E-4 -8.8455979723209E-4 4.301142066120739E-4 3.202512098710836E-4 -6.364710136535918E-4 2.5431749939693006E-4 -7.37718160144852E-5 1.7789447557638443E-4 1.1511180242993142E-4 -1.2825568409258545E-4 6.522804932989353E-5 -3.7240420258511633E-4 4.019669837703578E-4 3.0838912419929685E-4 2.2994950645552868E-4 -5.258512287860563E-4 7.340598390356872E-5 4.93843305774271E-5
from -0.007617629676929692 3.4824990573453476E-4 6.737467805832882E-4 2.758334313880644E-4 -4.676363910500595E-4 -2.210983598755512E-4 -3.803528651417305E-4 -4.628348220136473E-4 9.361849067446679E-6 2.398881798445272E-6 -4.226030098282239E-5 -4.1793505549389895E-4 -7.091876043724728E-4 -1.4836713201872776E-4 5.378882410025619E-4 8.49391160292183E-5 -1.5795775463938678E-4 1.5786314127016823E-4 -3.3641294657516023E-4 -4.5694983392323885E-5
is -0.010332908854377503 9.027397238107446E-4 0.0011826978226419905 -6.958656749964444E-4 6.744936575007503E-4 -3.328160762390517E-4 -5.142902590746516E-4 -3.7273403552750515E-4 -2.88317721593221E-4 1.8577594820155617E-4 1.5592399329164512E-4 -2.9080507040676727E-4 -2.8135857880244857E-4 -8.261668881689527E-5 1.2334114094639246E-5 2.1152316025788146E-4 2.1337377352091149E-4 -1.2124769828883058E-4 -3.2548487990833474E-4 -4.617550478931264E-5
be -0.005907866576816689 6.437751608749909E-4 -0.0010588697379684206 -7.010118506792895E-4 -1.7536210087617054E-4 3.080308957413007E-4 -1.0562611748395167E-4 0.0010254969443799832 1.738646147930291E-4 4.7984177627946335E-4 5.235413486987717E-4 -1.3973782785565793E-4 2.2230533272380012E-4 -7.114709137846022E-5 -6.904111699041888E-5 -0.0019634388136505346 -5.330833239248158E-4 8.208325934001862E-4 5.825318932967668E-4 -5.846100738370275E-4
on -0.0031795732010470776 -0.0011615580093009437 -0.0010042350152530976 0.0015495052043612019 -0.0012771655545861476 -0.0019590752471048095 -0.002399074844837234 4.032901117287166E-4 0.0018580890857544164 -0.0015731998948241561 1.2493676226430484E-4 3.6303171565141545E-4 -5.7119962452089766E-5 0.0016166297490364258 -0.001067665417907496 -2.146799847659954E-4 0.0014882792862419714 -5.298749881736368E-4 7.917293468347018E-4 2.9738687562805754E-4
plant -0.006737243244894005 -7.373122144730235E-4 1.343101907538548E-4 -7.652087403448633E-4 -1.6789893421601768E-4 -6.696486280336216E-4 6.020676048325891E-4 5.304580290049583E-4 -1.131211684116019E-5 2.346681415495404E-4 7.71915658172559E-5 6.483401628210632E-4 3.2367377387301914E-5 -6.02291889860314E-4 -4.176437279067857E-4 -6.084612326267046E-4 1.1915640829297274E-4 1.2509556325553367E-4 1.7015349427564245E-4 -2.4216229086051805E-4
Mexico -0.005736784583649783 6.142574329276302E-4 6.585767369763711E-4 -1.8115905214030037E-4 -1.104890810251394E-4 -2.8046177100803446E-4 -1.61609041271083E-5 -3.430043924411428E-4 -1.417263775606848E-4 1.0745467242519297E-4 -4.54697622567946E-4 -2.0992212356591114E-4 -3.5750958262822734E-4 1.3247413041621645E-4 -1.017355344772562E-5 1.2001015064081666E-4 1.9449312241620443E-4 3.232996637216996E-4 5.3891434312734034E-5 2.1074703573140837E-4
. -0.002493260895201351 -0.003329960120307952 -0.00121406584648637 7.582842193981495E-4 8.443506256321E-4 9.140391086313101E-4 4.207798560860996E-4 5.546353729785107E-6 -1.2618843873578008E-4 -6.034375519180591E-5 2.3775412880542058E-4 1.498026832720507E-4 6.799767059657002E-4 6.032240026136819E-4 -1.6845297735708974E-4 -9.439807618747805E-4 -2.1946228033929973E-4 6.251659448891728E-5 -1.933730105851284E-4 -4.603206506699986E-4
Corp. -0.006777251940008615 0.0010353572238012262 2.2732237005010082E-4 -5.278541122307308E-4 -1.6377528186858684E-5 4.3283499321194037E-4 1.1580370130215619E-4 2.3696611573087675E-4 2.71451620984434E-4 -2.0956271941335468E-4 -1.4553411808621155E-4 -2.0552198056360035E-4 8.072120451962637E-5 -1.6172990354938968E-4 -7.337901169110786E-5 -1.5849315142219434E-4 2.6732680278575148E-5 2.2084861974510243E-4 1.1524748914079573E-4 6.955614109434128E-4
that -0.008458862017821015 6.505959847257518E-4 0.0010066570667573629 -6.62098933619288E-4 1.7745124693867035E-4 -2.911021949532712E-6 -1.857133848357033E-4 -2.610505443884013E-4 -5.2850828213257176E-5 -5.747619754206833E-4 3.4554211132048143E-4 3.1792363350660087E-4 -8.670336682463451E-5 -3.0200589990143293E-4 3.764003175228972E-5 2.5211905104864483E-4 -4.3118059297798223E-4 2.8324809218569175E-4 -5.9813846839240006E-5 5.6980540368990344E-5
Jeep -0.006647779500937351 6.584829475591834E-4 7.733275753444452E-4 2.9439502897177396E-4 -4.7641985043295514E-5 -6.044452232050732E-4 -4.521373465301348E-5 1.2600308568858686E-4 4.2983896908991366E-4 -6.120538912805013E-4 8.011741003510699E-5 7.59894696464792E-4 4.4693062974756167E-4 1.2065152328596495E-4 -3.26180536293157E-4 1.7280135690290988E-4 -4.499652162363057E-5 -3.328180461684504E-4 2.1126168430392596E-5 1.7201993522855487E-4
it -0.005902969686860725 3.108769185895317E-5 -4.889322322284622E-4 5.025592483242661E-4 3.9933816727339664E-4 1.9491210054187704E-4 7.363260646211963E-4 -1.6757982430688987E-4 -3.3887003835655774E-5 -5.2951770062696926E-5 4.3405854861406254E-5 4.881946619472024E-4 -1.6289184615512911E-4 3.7138347630246777E-4 -2.8937300475871555E-4 -1.1373959753388313E-4 -1.3077590610128563E-4 1.512504448745198E-4 -2.1004538729022207E-4 3.131816393770571E-5
market -0.004140619056785884 -0.0016271307237362036 -7.172919851483781E-4 1.1644016358469044E-5 6.227513346688158E-4 -8.314224111097413E-4 0.001477565045283994 6.854198446314513E-4 2.8832058358571367E-4 -6.361226061463363E-4 -2.5225287257544165E-4 9.009967202315767E-4 5.222024419675721E-4 -2.142143187768259E-4 -3.1299304961445823E-4 8.129397010363411E-5 -0.0011167700030882772 2.5083891983945913E-4 -2.363182985112363E-4 6.756761506515038E-5
Brazil -0.00841231434804271 8.041083080749108E-4 8.215611396317937E-4 -2.4658681582693886E-4 -3.76984218865504E-4 -5.722534221112366E-4 -3.0431804980697347E-4 -5.153787347782639E-4 -1.0320757493762996E-4 1.352206088058488E-4 -7.987205052020301E-5 4.158916483166309E-5 -4.064860147807714E-4 4.199424304261991E-4 1.316618991383793E-4 -8.910570057392809E-5 -1.0921303885079087E-4 7.100700130950954E-5 -3.7736418496587713E-4 1.2796640700564953E-4
with -0.005046428228055487 -0.0013406231157517049 -9.3458383831561E-4 -5.4351090502366054E-5 -1.0279775422564715E-4 8.274114360004813E-4 4.0677323126146216E-4 1.6252572465736686E-4 -4.214520855746775E-4 -1.7808020179292577E-4 1.8164114212412843E-4 -7.89415964914902E-5 1.5704447588119188E-4 2.9132750274468635E-4 -4.4000233686565337E-4 -4.191641041187208E-4 3.9773927884069905E-4 2.7217044124930713E-4 5.0964756945570355E-6 -1.4231682963771242E-4
by -0.0031289037916049324 -0.0017033985293572265 -5.770142900780063E-4 -5.107004869488601E-4 3.751458941936505E-4 -0.0010285862920289797 0.002091198394685958 0.0016854386345986389 5.592951374206019E-4 -7.710171000645089E-4 -1.4349703745920495E-4 -8.176835893290798E-4 2.3103110097960227E-5 8.388615023523749E-5 6.548455574485691E-4 -5.3515514855357795E-5 7.024784658651628E-4 1.0058065782841487E-4 -9.16897041077785E-4 1.9593420821397217E-4
he -0.007493053029304861 5.525447722243692E-4 0.0010425806950153916 -6.584057932509112E-4 -1.5125540129105064E-4 5.4152804838872176E-5 -4.080504523749949E-4 2.0040007184146758E-4 -4.5846483810120455E-4 -3.6474569652314047E-4 2.3339392854426866E-4 6.281804589338919E-6 -2.0002878435292483E-4 -4.5926300573201275E-4 -5.998477646627005E-5 8.736528980262469E-5 9.046230388285437E-5 7.586019299760718E-5 -1.63126123618617E-4 -2.0022717563231794E-4
has -0.0030951396136591957 -0.0012269599636211572 -5.924545389860781E-4 -1.3957213208012158E-4 0.0011021094762441886 -0.0011804755788965286 -3.936494472192688E-4 6.04895699843543E-4 2.006760258016277E-4 5.207635231540951E-4 -7.209775052829075E-5 -1.6098988746280008E-4 8.958334692567163E-4 1.776103455044164E-4 -4.609135384031782E-4 2.2487132351109592E-4 4.4286233973382834E-4 -3.6455222857016993E-4 2.537800312521489E-4 1.1322444252911822E-4
which -0.0046743027888198506 4.7475676797857484E-4 5.834918939031174E-4 -5.098062601527799E-4 5.026408504880364E-4 1.6364044241837697E-4 -2.9569786670393587E-4 2.1243083807432836E-4 -1.2336767332068435E-4 -4.3494666764559443E-4 2.135337922247103E-4 -1.1290557933252565E-4 -7.914599149145524E-4 -2.800456316628549E-4 1.6639666625676186E-4 -1.332461169118667E-4 -8.782402905508704E-5 -1.9320295939342913E-4 4.353990200200776E-4 -5.981178401579988E-5
or -0.004221654804338663 -0.0029542882453786152 -0.0013267184358375429 -0.0012233603362246466 2.2599375586636268E-4 -0.0012279056595279215 0.0016181276791699497 7.691153618849464E-4 7.015886699347301E-5 4.8576285488347726E-4 -1.2280973923924565E-4 2.242631924976216E-4 -2.5207881853324876E-4 2.639427536865492E-6 -8.678428135634274E-4 4.7982881790928885E-5 -1.602934961820203E-4 2.1729606605449682E-4 4.1919136268121066E-4 -3.9959851047550386E-4
Mercosur -0.003193596443236004 -0.0018673046506987652 -9.99451528272925E-4 -1.8079151951272404E-4 2.5975381810515626E-4 -8.457126374011285E-4 9.776482854107781E-4 3.6761008004895166E-4 1.72345409837173E-4 -1.412351307805041E-5 -8.456896956978174E-5 4.0466102502316665E-4 5.060595552223647E-7 -8.775645074394745E-6 -5.286956590021833E-4 2.462415531361824E-5 -0.001405723606832083 2.0732855514021348E-4 -4.2181187592748215E-4 7.937321873238359E-5
year -0.005865569035915419 0.002059213613408571 -0.0021034868590694687 1.2969165838290509E-5 -2.675296908961775E-4 9.582821791004992E-4 3.440128781791611E-4 2.6504860615661973E-4 3.35596515410976E-4 4.6593156717143714E-4 3.6239782910318333E-4 -3.2891374949960275E-4 3.06691309132978E-4 -6.08906312461008E-4 -8.416738070675401E-5 -1.8146520800572144E-4 3.1209002078914666E-4 2.2397405932218464E-4 2.6967971822024266E-4 2.5616656121878027E-4
We -0.003844978962184702 -6.692950026912075E-5 3.587333108244954E-4 4.100201873792511E-4 1.152187704879599E-4 4.7003451558773085E-4 1.666969893632588E-5 -6.717304503688348E-4 -4.1112107291259157E-4 1.037725102984336E-4 -2.0742773001120976E-4 -3.292878116248008E-4 -8.195947596763299E-4 5.747368812971624E-4 3.818290540931746E-5 -5.575337696367394E-4 1.783393144965973E-4 -6.899460439454548E-4 1.9096606828356158E-5 5.820477691189529E-4
rates -6.115026799874881E-4 -0.0031423132703599205 -0.00187853186535615 -3.525086011287622E-4 0.003041881752888013 -0.0016771574933289234 -6.130734017654795E-4 8.93779399533692E-4 -5.024525381788572E-4 0.002208114442989627 -1.7389171522743635E-4 -4.7391492659953346E-4 0.001808427813823343 -1.1524589467457057E-4 8.482595883180913E-5 5.211406283815796E-4 4.13033138016804E-4 -3.519528865293039E-4 -5.115362487054675E-5 -2.3167790821293429E-4
Argentina -0.007451666298604617 4.0661262301433624E-4 0.001115610970527242 -2.8243074788239866E-4 -4.643996546765132E-4 1.2712517458814793E-4 -1.0003874671210612E-4 -2.3749693865509857E-4 8.256674880635707E-6 5.264133735922639E-5 1.1497366647854897E-4 -2.2935156046859212E-4 1.240926525724896E-4 -2.980621912804367E-4 -3.243629391593512E-5 2.300821878902914E-4 -9.052537478537078E-5 5.636030467760347E-5 -8.917654455966785E-5 3.009498658151048E-4
one -0.005862740979695435 -6.439091728612001E-4 4.572412695675326E-4 2.01467256543603E-4 -5.169435022204339E-5 0.0014648791350614478 -2.5058618204939695E-4 -0.0010568498544159942 -1.9672355353949345E-4 -6.713518670478575E-4 3.1675964660154586E-4 9.360750641446935E-7 1.8418705880506384E-4 7.76289183238586E-4 4.437949974878882E-5 -5.664961433508016E-4 6.279111268064052E-4 -1.7936271268426297E-4 -2.51271166695887E-4 -2.9434139380026265E-5
its -0.0037415824558952597 2.0117635126303232E-4 4.4565654260143785E-4 -1.0595058804171738E-4 -1.5315568740660945E-4 -1.7902758619838473E-4 -1.8356076099023064E-4 -1.1005026796471595E-4 6.586338973606244E-5 1.6982234952343887E-5 -3.00667966724401E-4 1.1278637260748567E-4 -2.95743812960467E-4 -1.5010572795422E-4 7.969324510846455E-4 -2.181418600129696E-5 4.5531406604189625E-4 7.263816923154952E-4 -2.0685917727832745E-4 1.5723171197312352E-4
% -0.004777465638835824 -2.1062132666758543E-4 5.164171370793352E-4 5.029082615284755E-4 -9.561541283268572E-5 6.918938059238133E-4 7.308307675950027E-7 -4.1857828148354607E-4 4.452093355597682E-6 -3.970914610401837E-4 1.512110690637111E-4 5.3211289276792024E-5 2.7230886461657985E-4 8.37058450643905E-5 9.721571091597337E-5 1.435604495283814E-4 -3.6950980744049415E-4 6.380685536414537E-6 -2.740197109367511E-4 -4.350748505557705E-5
8 -0.005733872343122541 -2.1530037633883897E-4 3.9218983072977846E-4 -5.526624169849166E-4 -3.000536271612392E-4 -3.6680512038534974E-4 1.8979667841523225E-4 -3.889580940223636E-5 2.5123298519610584E-5 2.887377451877905E-4 1.6709939120233807E-5 -1.743798164516793E-4 -1.4791035950833782E-4 -1.019473568976132E-4 -2.5071454847812964E-4 -1.1389107183177355E-4 -2.974779899132139E-4 -1.8189462904374251E-4 -5.569078283562881E-5 4.659996145025031E-5
markets -0.3493413408863881 -0.005778260488631089 -0.012806799328305233 -0.009709011767021354 0.0025980869397271202 0.0010361603657515065 -2.65587858417239E-4 -0.0020596714994547266 -4.941078006479128E-4 -7.405419613088634E-4 -6.784230998213542E-4 5.91430781092459E-4 -4.8824929311229475E-4 7.287547888009324E-5 -1.3890888350096058E-4 2.4007019602084525E-4 4.754371708002008E-6 -2.2070511572759097E-4 1.3475266585273073E-4 2.0683261523453747E-4
<OOV> -0.3692162706630746 0.023150635778794688 -0.005522326689108706 0.006807317805155803 -0.003225088631933089 -0.0026852259626779043 1.8227534034864388E-4 -2.556448993142981E-4 -3.5909459394867867E-4 1.6569570703158662E-4 4.615112260922621E-4 5.817191614375501E-4 5.057616877260206E-4 5.065919072108111E-5 8.42336092357683E-5 3.65600541147943E-5 -1.6140905595213813E-4 7.28357419799842E-5 -2.0745085343791488E-4 -4.902958007677444E-4
, -0.06486642700593702 0.009076482295228673 0.0019658891719022795 -0.00721372881189634 -0.0023532851466438465 0.005896078074279623 -0.002293993946168772 0.004712859226981959 0.002062589651012767 0.0012011606575187863 -0.0011361364210561225 7.522952422412985E-4 -3.2378324248991477E-4 0.0011915418362138843 3.938796569787461E-4 7.322044913370779E-4 -2.436773339177444E-4 -6.535235431065431E-5 -5.179935292086277E-5 -3.1993948459577983E-4
the -0.03371012410049735 -0.002381459569785931 -0.001949959735780972 0.0040891794050585736 -5.938803875681143E-4 0.006891188618311336 0.0018433655102956328 -0.0010511300454378583 -1.6769979830348443E-4 -0.001170585569625908 4.760984723328057E-4 -0.0014324765062809918 8.576000372239732E-4 2.946539771952994E-4 -3.815831813538753E-4 -7.117702952724559E-4 -3.559643935982995E-4 -6.202844588118018E-4 2.83035442051381E-4 -1.1025969829405718E-5
in -0.048705187914756184 0.004577228816222231 0.0038652072570338853 -0.0043054171310580956 -0.00181529065254569 3.1700466535609706E-4 -3.837675537482969E-4 -7.554563018158868E-4 -5.0643663223836E-4 -1.5457711863698767E-4 0.0012604195705255806 -6.343780851594806E-4 4.4642181814397847E-4 -0.0013949705556255277 -4.38211712015652E-4 2.7227344868119665E-4 6.289712044661466E-4 7.361016304513385E-4 -3.416151022372192E-5 6.852826889984739E-4
of -0.03458461499222732 0.003480904858470933 0.004365494207597601 -0.002808795910080492 -5.70765131940938E-4 -7.944434328723624E-4 2.0116208094321785E-4 -0.0019526997128805157 -7.792241815626359E-5 -0.0017562393953405072 -0.0045105066686398345 -0.0016591975598882743 6.840802033707436E-4 -2.9877998413770324E-4 5.139353668114505E-4 -7.574162762354411E-4 7.145651988663021E-4 6.134659641030271E-4 6.671315204383099E-5 -0.0012864096794482315
and -0.03481514967574583 8.215350988947415E-4 0.0037270244218878938 -0.004050100280005656 -6.609550187353834E-4 -8.36019336873417E-4 5.645827179648738E-5 -1.953068161593119E-4 -5.173300251721188E-5 -1.691657112930987E-4 6.676379970652977E-4 2.7572416922236114E-4 -2.3669626675638824E-4 -5.268028978902132E-4 -8.129263059369397E-4 1.7335625736780445E-4 3.392806919008788E-4 0.0011325504833001319 5.127199855274965E-5 0.00193510011600558
" -0.028596766574614376 -0.0012264151884928327 0.0011625838552710567 -0.002939692833303541 -5.821370454748702E-4 -0.002863438168141568 0.0034528069864364908 0.0012375641764412748 -8.16438337089154E-4 -2.1447024408268036E-4 0.0012361457795995435 -0.0018167457584988232 -0.0010796217324993253 0.0017329984492473077 0.001498417604788199 5.736002469430074E-4 7.545871961570998E-4 -4.523536199605869E-4 -2.3084424600286737E-4 -4.977850237703582E-4
a -0.02381928848774272 -4.8008753723597335E-4 0.0016747385635286242 -7.318491726656418E-4 -8.017609791606038E-4 -0.002085896520551882 -3.0798559798477426E-4 -2.6620086421594004E-4 2.088782551661004E-4 0.001388133253056962 -8.820185965135797E-5 -4.086185021393929E-4 -8.576814595920103E-4 1.3042190880613072E-4 3.422692590887823E-4 1.0363494099984145E-4 -0.0014342868948647425 -8.468174370706765E-4 2.5773651443137743E-4 3.0876585944707353E-4
to -0.030735792999339807 0.0020935240652571233 0.0035046627752364683 -0.0034007840339374076 -0.0015028751508408152 -9.928499416175355E-4 3.145508908773883E-4 -7.737012419847416E-4 -2.364928512851738E-4 -4.107640627415118E-4 0.0015447956560017814 -9.234345230711672E-4 8.991087342064534E-4 0.0010814838040908983 0.0013397231943876415 -4.7238336022024425E-5 -8.787072470041748E-4 -6.440938338152637E-5 0.0014104834912821015 -6.094888417411068E-4
's -0.012501544468631822 7.53391204396989E-4 0.0019528698545940948 -9.785434362067914E-6 0.0021660327310852093 -3.3998787386807576E-4 9.574558617440833E-4 0.002040212768981654 5.238122637751078E-4 -0.0011067158728261723 3.800022438673839E-4 0.0031220205793228402 -0.001466272861380123 -0.0013410395365046639 2.8995488029393045E-4 -7.940464554373687E-4 3.601600159312505E-4 -7.783671744084357E-4 2.8749682983792796E-4 -9.199747478907899E-4
will -0.018112012666059305 4.770765217699213E-4 1.976336142439224E-4 -0.0011823901267487959 2.978538166752105E-4 -0.0011529905836799594 0.0010711119337608098 -2.1490767324459986E-5 -9.456373459445343E-4 3.9939454725041807E-4 9.830809403135544E-5 -9.181821267788772E-4 -0.0014217664060350301 8.146195812388683E-4 -0.0011225823837740943 1.8044573391624123E-4 -1.2945562187729906E-4 0.0010658754993524984 3.0320687668135743E-4 2.5435129442270875E-4
Chrysler -0.01030621009789131 -0.002032683294695161 -0.0031658613108470814 -0.0012376766753276467 1.7636238766318964E-4 -0.001001556799087494 0.0026197223190628275 0.0013526118547329139 4.2359712433557987E-4 4.6380104790492234E-4 7.810090625379346E-4 -3.4176122599777355E-4 -6.577919381229436E-5 -2.4688716722480274E-4 -2.583140811546322E-4 -2.064363238705625E-4 -2.4010390856568655E-4 6.942626876844893E-4 5.106452045230833E-4 -3.4797911677543116E-5
at -0.015836110476253818 0.001361776605462 0.0017164237975411801 -0.0016329213791653643 -9.935773467435061E-4 -2.8566732413633786E-4 -4.7577375517871755E-4 -3.895151777562522E-4 -0.0014187221629514207 -5.827561753565528E-4 2.4172980401280684E-4 -2.3317486133332916E-5 5.483420775221844E-5 -1.2698539098926752E-4 -2.1500338285504778E-4 5.264801084925082E-4 2.9062942005178137E-5 3.607289983073681E-5 -8.278696284521788E-5 6.74297499816522E-4
said -0.006340936136285007 -0.0022891886007869403 -0.0015263870297002255 -8.771296921301551E-4 0.001959088197727069 -4.212871044773726E-4 2.6285341016821267E-4 8.067468791188864E-4 9.120439074219349E-5 4.527429612915255E-4 -2.6507838220726895E-4 -5.000054811187725E-4 1.4423433732264698E-4 -4.6224574451208096E-4 -8.66179527539303E-4 -4.718791377943871E-4 2.7359885033865204E-4 -4.5536611406679796E-4 9.002375815471796E-5 -4.653484635449557E-4
The -0.012358979441731909 0.0015004159079547996 -1.0403712612969156E-4 -7.482196178718614E-4 0.0011607434567843286 3.0186611582539364E-5 -0.0010537978637498008 -1.0627562161632946E-4 -2.2567497237584505E-4 0.001183432499249621 2.708312570521357E-4 -6.979675195173263E-4 0.0014631959567347726 -3.9843366561978874E-4 3.982097783573554E-4 2.766819077856799E-4 5.240340139212312E-4 -3.354568668163524E-4 -2.0242564952062037E-4 2.5411862547261463E-4
million -0.015728075371301237 0.0013435690441236322 0.0019655723179027363 -0.0015380461066394704 -7.063208153597938E-4 -1.5157029804320807E-4 -2.0928315427852636E-4 -6.557276978219445E-4 -8.789569573394609E-5 -1.8210254785837226E-4 2.3286135660546538E-4 -1.9036215155566373E-4 2.582604027381688E-4 -1.513733552705676E-4 1.8169565935376438E-5 1.5885693360479392E-4 8.761394872256629E-5 -1.621759564418306E-4 -3.024328062098302E-4 7.713993313128079E-5
for -0.01040784106021546 4.411829523922164E-4 0.0010110987940531448 -8.401947627370228E-4 0.002182736317892437 -5.449038908302488E-4 -0.0017454909773948796 -1.5918621434181596E-4 -5.241462630914247E-4 0.001061208912047814 2.4986784312523773E-4 -5.073732014548565E-4 0.0013221221462213864 -4.2829588017504E-4 5.993219586281145E-4 4.4648196388075753E-4 5.364199754511827E-4 -6.217568629074719E-4 -3.644506170720389E-4 -1.1919824639158927E-6
$ -0.004098624077431649 -0.001307271742392586 -8.256850078807596E-4 3.401171383862598E-4 -6.320236077824758E-4 -0.001308789432706248 9.78382232515061E-5 2.715638167866509E-4 -2.761452537664653E-4 1.7537891984309662E-4 -0.0014314398348567886 4.289471348843958E-4 -9.483924075856915E-4 -6.696590320905373E-4 0.0011966196452480183 -6.211353238787246E-4 -1.1377976262459726E-4 -0.0013590895082029836 0.0013185502133296987 7.255605047607715E-4
said. -0.011129923623613305 9.323367867055089E-4 0.0015339868019998409 -0.0012000135602998818 1.3949685154227478E-4 -1.691722617031743E-4 -3.877986881342491E-4 -2.2660594719080921E-4 1.9658027251922417E-4 -8.353782643235931E-4 -3.386517652478455E-4 -8.841741385607966E-4 -3.3183404176933125E-4 -8.699231552622247E-4 -4.5754521777794516E-4 -4.381230467753457E-4 -2.3842725091426502E-4 -7.9405555532343E-4 -4.403296799037047E-4 -1.9757447855895757E-4
Tuesday -0.007530700597864988 2.9471661230882966E-4 4.57318215078044E-4 -4.2450596996845857E-4 -3.0394812891200657E-4 6.432820934469714E-4 -2.3555094300299238E-4 -2.4374657633768928E-4 -0.0023252136400879163 -0.0010581210165141162 -1.5728428866975414E-4 3.219824960990317E-4 -2.605821029934963E-4 6.341105480068261E-4 9.453799991174449E-5 -1.4998645154414914E-4 4.5142749805260546E-4 -0.001535729810398909 4.4052802018713883E-4 0.0010320229397317178
was -0.009402047975098781 0.0010776762604732541 3.0707319861898166E-4 -8.8455979723209E-4 4.301142066120739E-4 3.202512098710836E-4 -6.364710136535918E-4 2.5431749939693006E-4 -7.37718160144852E-5 1.7789447557638443E-4 1.1511180242993142E-4 -1.2825568409258545E-4 6.522804932989353E-5 -3.7240420258511633E-4 4.019669837703578E-4 3.0838912419929685E-4 2.2994950645552868E-4 -5.258512287860563E-4 7.340598390356872E-5 4.93843305774271E-5
about -0.007617629676929692 3.4824990573453476E-4 6.737467805832882E-4 2.758334313880644E-4 -4.676363910500595E-4 -2.210983598755512E-4 -3.803528651417305E-4 -4.628348220136473E-4 9.361849067446679E-6 2.398881798445272E-6 -4.226030098282239E-5 -4.1793505549389895E-4 -7.091876043724728E-4 -1.4836713201872776E-4 5.378882410025619E-4 8.49391160292183E-5 -1.5795775463938678E-4 1.5786314127016823E-4 -3.3641294657516023E-4 -4.5694983392323885E-5
from -0.010332908854377503 9.027397238107446E-4 0.0011826978226419905 -6.958656749964444E-4 6.744936575007503E-4 -3.328160762390517E-4 -5.142902590746516E-4 -3.7273403552750515E-4 -2.88317721593221E-4 1.8577594820155617E-4 1.5592399329164512E-4 -2.9080507040676727E-4 -2.8135857880244857E-4 -8.261668881689527E-5 1.2334114094639246E-5 2.1152316025788146E-4 2.1337377352091149E-4 -1.2124769828883058E-4 -3.2548487990833474E-4 -4.617550478931264E-5
is -0.005907866576816689 6.437751608749909E-4 -0.0010588697379684206 -7.010118506792895E-4 -1.7536210087617054E-4 3.080308957413007E-4 -1.0562611748395167E-4 0.0010254969443799832 1.738646147930291E-4 4.7984177627946335E-4 5.235413486987717E-4 -1.3973782785565793E-4 2.2230533272380012E-4 -7.114709137846022E-5 -6.904111699041888E-5 -0.0019634388136505346 -5.330833239248158E-4 8.208325934001862E-4 5.825318932967668E-4 -5.846100738370275E-4
be -0.0031795732010470776 -0.0011615580093009437 -0.0010042350152530976 0.0015495052043612019 -0.0012771655545861476 -0.0019590752471048095 -0.002399074844837234 4.032901117287166E-4 0.0018580890857544164 -0.0015731998948241561 1.2493676226430484E-4 3.6303171565141545E-4 -5.7119962452089766E-5 0.0016166297490364258 -0.001067665417907496 -2.146799847659954E-4 0.0014882792862419714 -5.298749881736368E-4 7.917293468347018E-4 2.9738687562805754E-4
on -0.006737243244894005 -7.373122144730235E-4 1.343101907538548E-4 -7.652087403448633E-4 -1.6789893421601768E-4 -6.696486280336216E-4 6.020676048325891E-4 5.304580290049583E-4 -1.131211684116019E-5 2.346681415495404E-4 7.71915658172559E-5 6.483401628210632E-4 3.2367377387301914E-5 -6.02291889860314E-4 -4.176437279067857E-4 -6.084612326267046E-4 1.1915640829297274E-4 1.2509556325553367E-4 1.7015349427564245E-4 -2.4216229086051805E-4
plant -0.005736784583649783 6.142574329276302E-4 6.585767369763711E-4 -1.8115905214030037E-4 -1.104890810251394E-4 -2.8046177100803446E-4 -1.61609041271083E-5 -3.430043924411428E-4 -1.417263775606848E-4 1.0745467242519297E-4 -4.54697622567946E-4 -2.0992212356591114E-4 -3.5750958262822734E-4 1.3247413041621645E-4 -1.017355344772562E-5 1.2001015064081666E-4 1.9449312241620443E-4 3.232996637216996E-4 5.3891434312734034E-5 2.1074703573140837E-4
Mexico -0.002493260895201351 -0.003329960120307952 -0.00121406584648637 7.582842193981495E-4 8.443506256321E-4 9.140391086313101E-4 4.207798560860996E-4 5.546353729785107E-6 -1.2618843873578008E-4 -6.034375519180591E-5 2.3775412880542058E-4 1.498026832720507E-4 6.799767059657002E-4 6.032240026136819E-4 -1.6845297735708974E-4 -9.439807618747805E-4 -2.1946228033929973E-4 6.251659448891728E-5 -1.933730105851284E-4 -4.603206506699986E-4
. -0.006777251940008615 0.0010353572238012262 2.2732237005010082E-4 -5.278541122307308E-4 -1.6377528186858684E-5 4.3283499321194037E-4 1.1580370130215619E-4 2.3696611573087675E-4 2.71451620984434E-4 -2.0956271941335468E-4 -1.4553411808621155E-4 -2.0552198056360035E-4 8.072120451962637E-5 -1.6172990354938968E-4 -7.337901169110786E-5 -1.5849315142219434E-4 2.6732680278575148E-5 2.2084861974510243E-4 1.1524748914079573E-4 6.955614109434128E-4
Corp. -0.008458862017821015 6.505959847257518E-4 0.0010066570667573629 -6.62098933619288E-4 1.7745124693867035E-4 -2.911021949532712E-6 -1.857133848357033E-4 -2.610505443884013E-4 -5.2850828213257176E-5 -5.747619754206833E-4 3.4554211132048143E-4 3.1792363350660087E-4 -8.670336682463451E-5 -3.0200589990143293E-4 3.764003175228972E-5 2.5211905104864483E-4 -4.3118059297798223E-4 2.8324809218569175E-4 -5.9813846839240006E-5 5.6980540368990344E-5
that -0.006647779500937351 6.584829475591834E-4 7.733275753444452E-4 2.9439502897177396E-4 -4.7641985043295514E-5 -6.044452232050732E-4 -4.521373465301348E-5 1.2600308568858686E-4 4.2983896908991366E-4 -6.120538912805013E-4 8.011741003510699E-5 7.59894696464792E-4 4.4693062974756167E-4 1.2065152328596495E-4 -3.26180536293157E-4 1.7280135690290988E-4 -4.499652162363057E-5 -3.328180461684504E-4 2.1126168430392596E-5 1.7201993522855487E-4
Jeep -0.005902969686860725 3.108769185895317E-5 -4.889322322284622E-4 5.025592483242661E-4 3.9933816727339664E-4 1.9491210054187704E-4 7.363260646211963E-4 -1.6757982430688987E-4 -3.3887003835655774E-5 -5.2951770062696926E-5 4.3405854861406254E-5 4.881946619472024E-4 -1.6289184615512911E-4 3.7138347630246777E-4 -2.8937300475871555E-4 -1.1373959753388313E-4 -1.3077590610128563E-4 1.512504448745198E-4 -2.1004538729022207E-4 3.131816393770571E-5
it -0.004140619056785884 -0.0016271307237362036 -7.172919851483781E-4 1.1644016358469044E-5 6.227513346688158E-4 -8.314224111097413E-4 0.001477565045283994 6.854198446314513E-4 2.8832058358571367E-4 -6.361226061463363E-4 -2.5225287257544165E-4 9.009967202315767E-4 5.222024419675721E-4 -2.142143187768259E-4 -3.1299304961445823E-4 8.129397010363411E-5 -0.0011167700030882772 2.5083891983945913E-4 -2.363182985112363E-4 6.756761506515038E-5
market -0.00841231434804271 8.041083080749108E-4 8.215611396317937E-4 -2.4658681582693886E-4 -3.76984218865504E-4 -5.722534221112366E-4 -3.0431804980697347E-4 -5.153787347782639E-4 -1.0320757493762996E-4 1.352206088058488E-4 -7.987205052020301E-5 4.158916483166309E-5 -4.064860147807714E-4 4.199424304261991E-4 1.316618991383793E-4 -8.910570057392809E-5 -1.0921303885079087E-4 7.100700130950954E-5 -3.7736418496587713E-4 1.2796640700564953E-4
Brazil -0.005046428228055487 -0.0013406231157517049 -9.3458383831561E-4 -5.4351090502366054E-5 -1.0279775422564715E-4 8.274114360004813E-4 4.0677323126146216E-4 1.6252572465736686E-4 -4.214520855746775E-4 -1.7808020179292577E-4 1.8164114212412843E-4 -7.89415964914902E-5 1.5704447588119188E-4 2.9132750274468635E-4 -4.4000233686565337E-4 -4.191641041187208E-4 3.9773927884069905E-4 2.7217044124930713E-4 5.0964756945570355E-6 -1.4231682963771242E-4
with -0.0031289037916049324 -0.0017033985293572265 -5.770142900780063E-4 -5.107004869488601E-4 3.751458941936505E-4 -0.0010285862920289797 0.002091198394685958 0.0016854386345986389 5.592951374206019E-4 -7.710171000645089E-4 -1.4349703745920495E-4 -8.176835893290798E-4 2.3103110097960227E-5 8.388615023523749E-5 6.548455574485691E-4 -5.3515514855357795E-5 7.024784658651628E-4 1.0058065782841487E-4 -9.16897041077785E-4 1.9593420821397217E-4
by -0.007493053029304861 5.525447722243692E-4 0.0010425806950153916 -6.584057932509112E-4 -1.5125540129105064E-4 5.4152804838872176E-5 -4.080504523749949E-4 2.0040007184146758E-4 -4.5846483810120455E-4 -3.6474569652314047E-4 2.3339392854426866E-4 6.281804589338919E-6 -2.0002878435292483E-4 -4.5926300573201275E-4 -5.998477646627005E-5 8.736528980262469E-5 9.046230388285437E-5 7.586019299760718E-5 -1.63126123618617E-4 -2.0022717563231794E-4
he -0.0030951396136591957 -0.0012269599636211572 -5.924545389860781E-4 -1.3957213208012158E-4 0.0011021094762441886 -0.0011804755788965286 -3.936494472192688E-4 6.04895699843543E-4 2.006760258016277E-4 5.207635231540951E-4 -7.209775052829075E-5 -1.6098988746280008E-4 8.958334692567163E-4 1.776103455044164E-4 -4.609135384031782E-4 2.2487132351109592E-4 4.4286233973382834E-4 -3.6455222857016993E-4 2.537800312521489E-4 1.1322444252911822E-4
has -0.0046743027888198506 4.7475676797857484E-4 5.834918939031174E-4 -5.098062601527799E-4 5.026408504880364E-4 1.6364044241837697E-4 -2.9569786670393587E-4 2.1243083807432836E-4 -1.2336767332068435E-4 -4.3494666764559443E-4 2.135337922247103E-4 -1.1290557933252565E-4 -7.914599149145524E-4 -2.800456316628549E-4 1.6639666625676186E-4 -1.332461169118667E-4 -8.782402905508704E-5 -1.9320295939342913E-4 4.353990200200776E-4 -5.981178401579988E-5
which -0.004221654804338663 -0.0029542882453786152 -0.0013267184358375429 -0.0012233603362246466 2.2599375586636268E-4 -0.0012279056595279215 0.0016181276791699497 7.691153618849464E-4 7.015886699347301E-5 4.8576285488347726E-4 -1.2280973923924565E-4 2.242631924976216E-4 -2.5207881853324876E-4 2.639427536865492E-6 -8.678428135634274E-4 4.7982881790928885E-5 -1.602934961820203E-4 2.1729606605449682E-4 4.1919136268121066E-4 -3.9959851047550386E-4
or -0.003193596443236004 -0.0018673046506987652 -9.99451528272925E-4 -1.8079151951272404E-4 2.5975381810515626E-4 -8.457126374011285E-4 9.776482854107781E-4 3.6761008004895166E-4 1.72345409837173E-4 -1.412351307805041E-5 -8.456896956978174E-5 4.0466102502316665E-4 5.060595552223647E-7 -8.775645074394745E-6 -5.286956590021833E-4 2.462415531361824E-5 -0.001405723606832083 2.0732855514021348E-4 -4.2181187592748215E-4 7.937321873238359E-5
Mercosur -0.005865569035915419 0.002059213613408571 -0.0021034868590694687 1.2969165838290509E-5 -2.675296908961775E-4 9.582821791004992E-4 3.440128781791611E-4 2.6504860615661973E-4 3.35596515410976E-4 4.6593156717143714E-4 3.6239782910318333E-4 -3.2891374949960275E-4 3.06691309132978E-4 -6.08906312461008E-4 -8.416738070675401E-5 -1.8146520800572144E-4 3.1209002078914666E-4 2.2397405932218464E-4 2.6967971822024266E-4 2.5616656121878027E-4
year -0.003844978962184702 -6.692950026912075E-5 3.587333108244954E-4 4.100201873792511E-4 1.152187704879599E-4 4.7003451558773085E-4 1.666969893632588E-5 -6.717304503688348E-4 -4.1112107291259157E-4 1.037725102984336E-4 -2.0742773001120976E-4 -3.292878116248008E-4 -8.195947596763299E-4 5.747368812971624E-4 3.818290540931746E-5 -5.575337696367394E-4 1.783393144965973E-4 -6.899460439454548E-4 1.9096606828356158E-5 5.820477691189529E-4
We -6.115026799874881E-4 -0.0031423132703599205 -0.00187853186535615 -3.525086011287622E-4 0.003041881752888013 -0.0016771574933289234 -6.130734017654795E-4 8.93779399533692E-4 -5.024525381788572E-4 0.002208114442989627 -1.7389171522743635E-4 -4.7391492659953346E-4 0.001808427813823343 -1.1524589467457057E-4 8.482595883180913E-5 5.211406283815796E-4 4.13033138016804E-4 -3.519528865293039E-4 -5.115362487054675E-5 -2.3167790821293429E-4
rates -0.007451666298604617 4.0661262301433624E-4 0.001115610970527242 -2.8243074788239866E-4 -4.643996546765132E-4 1.2712517458814793E-4 -1.0003874671210612E-4 -2.3749693865509857E-4 8.256674880635707E-6 5.264133735922639E-5 1.1497366647854897E-4 -2.2935156046859212E-4 1.240926525724896E-4 -2.980621912804367E-4 -3.243629391593512E-5 2.300821878902914E-4 -9.052537478537078E-5 5.636030467760347E-5 -8.917654455966785E-5 3.009498658151048E-4
Argentina -0.005862740979695435 -6.439091728612001E-4 4.572412695675326E-4 2.01467256543603E-4 -5.169435022204339E-5 0.0014648791350614478 -2.5058618204939695E-4 -0.0010568498544159942 -1.9672355353949345E-4 -6.713518670478575E-4 3.1675964660154586E-4 9.360750641446935E-7 1.8418705880506384E-4 7.76289183238586E-4 4.437949974878882E-5 -5.664961433508016E-4 6.279111268064052E-4 -1.7936271268426297E-4 -2.51271166695887E-4 -2.9434139380026265E-5
one -0.0037415824558952597 2.0117635126303232E-4 4.4565654260143785E-4 -1.0595058804171738E-4 -1.5315568740660945E-4 -1.7902758619838473E-4 -1.8356076099023064E-4 -1.1005026796471595E-4 6.586338973606244E-5 1.6982234952343887E-5 -3.00667966724401E-4 1.1278637260748567E-4 -2.95743812960467E-4 -1.5010572795422E-4 7.969324510846455E-4 -2.181418600129696E-5 4.5531406604189625E-4 7.263816923154952E-4 -2.0685917727832745E-4 1.5723171197312352E-4
its -0.004777465638835824 -2.1062132666758543E-4 5.164171370793352E-4 5.029082615284755E-4 -9.561541283268572E-5 6.918938059238133E-4 7.308307675950027E-7 -4.1857828148354607E-4 4.452093355597682E-6 -3.970914610401837E-4 1.512110690637111E-4 5.3211289276792024E-5 2.7230886461657985E-4 8.37058450643905E-5 9.721571091597337E-5 1.435604495283814E-4 -3.6950980744049415E-4 6.380685536414537E-6 -2.740197109367511E-4 -4.350748505557705E-5
% -0.005733872343122541 -2.1530037633883897E-4 3.9218983072977846E-4 -5.526624169849166E-4 -3.000536271612392E-4 -3.6680512038534974E-4 1.8979667841523225E-4 -3.889580940223636E-5 2.5123298519610584E-5 2.887377451877905E-4 1.6709939120233807E-5 -1.743798164516793E-4 -1.4791035950833782E-4 -1.019473568976132E-4 -2.5071454847812964E-4 -1.1389107183177355E-4 -2.974779899132139E-4 -1.8189462904374251E-4 -5.569078283562881E-5 4.659996145025031E-5
8 -0.3493413408863881 -0.005778260488631089 -0.012806799328305233 -0.009709011767021354 0.0025980869397271202 0.0010361603657515065 -2.65587858417239E-4 -0.0020596714994547266 -4.941078006479128E-4 -7.405419613088634E-4 -6.784230998213542E-4 5.91430781092459E-4 -4.8824929311229475E-4 7.287547888009324E-5 -1.3890888350096058E-4 2.4007019602084525E-4 4.754371708002008E-6 -2.2070511572759097E-4 1.3475266585273073E-4 2.0683261523453747E-4
markets -0.038315337075775745 0.0020925648564799784 6.78602575460332E-4 1.0209548290756547E-5 -9.172310184379943E-5 -0.0011168514271157678 0.0030598112121772015 0.002714982115756701 0.002260239805523357 -0.002909474021096228 -0.0013247373414359386 -0.0011291605850849906 0.0018778245814273173 -0.001063640912885738 2.8578982443940382E-5 2.908154491111233E-4 -8.125566656037082E-4 -7.413916073118484E-4 -1.3271436094462334E-4 0.0013071166316898902
<OOV> -0.06486642700593702 0.009076482295228673 0.0019658891719022795 -0.00721372881189634 -0.0023532851466438465 0.005896078074279623 -0.002293993946168772 0.004712859226981959 0.002062589651012767 0.0012011606575187863 -0.0011361364210561225 7.522952422412985E-4 -3.2378324248991477E-4 0.0011915418362138843 3.938796569787461E-4 7.322044913370779E-4 -2.436773339177444E-4 -6.535235431065431E-5 -5.179935292086277E-5 -3.1993948459577983E-4
, -0.03371012410049735 -0.002381459569785931 -0.001949959735780972 0.0040891794050585736 -5.938803875681143E-4 0.006891188618311336 0.0018433655102956328 -0.0010511300454378583 -1.6769979830348443E-4 -0.001170585569625908 4.760984723328057E-4 -0.0014324765062809918 8.576000372239732E-4 2.946539771952994E-4 -3.815831813538753E-4 -7.117702952724559E-4 -3.559643935982995E-4 -6.202844588118018E-4 2.83035442051381E-4 -1.1025969829405718E-5
the -0.048705187914756184 0.004577228816222231 0.0038652072570338853 -0.0043054171310580956 -0.00181529065254569 3.1700466535609706E-4 -3.837675537482969E-4 -7.554563018158868E-4 -5.0643663223836E-4 -1.5457711863698767E-4 0.0012604195705255806 -6.343780851594806E-4 4.4642181814397847E-4 -0.0013949705556255277 -4.38211712015652E-4 2.7227344868119665E-4 6.289712044661466E-4 7.361016304513385E-4 -3.416151022372192E-5 6.852826889984739E-4
in -0.03458461499222732 0.003480904858470933 0.004365494207597601 -0.002808795910080492 -5.70765131940938E-4 -7.944434328723624E-4 2.0116208094321785E-4 -0.0019526997128805157 -7.792241815626359E-5 -0.0017562393953405072 -0.0045105066686398345 -0.0016591975598882743 6.840802033707436E-4 -2.9877998413770324E-4 5.139353668114505E-4 -7.574162762354411E-4 7.145651988663021E-4 6.134659641030271E-4 6.671315204383099E-5 -0.0012864096794482315
of -0.03481514967574583 8.215350988947415E-4 0.0037270244218878938 -0.004050100280005656 -6.609550187353834E-4 -8.36019336873417E-4 5.645827179648738E-5 -1.953068161593119E-4 -5.173300251721188E-5 -1.691657112930987E-4 6.676379970652977E-4 2.7572416922236114E-4 -2.3669626675638824E-4 -5.268028978902132E-4 -8.129263059369397E-4 1.7335625736780445E-4 3.392806919008788E-4 0.0011325504833001319 5.127199855274965E-5 0.00193510011600558
and -0.028596766574614376 -0.0012264151884928327 0.0011625838552710567 -0.002939692833303541 -5.821370454748702E-4 -0.002863438168141568 0.0034528069864364908 0.0012375641764412748 -8.16438337089154E-4 -2.1447024408268036E-4 0.0012361457795995435 -0.0018167457584988232 -0.0010796217324993253 0.0017329984492473077 0.001498417604788199 5.736002469430074E-4 7.545871961570998E-4 -4.523536199605869E-4 -2.3084424600286737E-4 -4.977850237703582E-4
" -0.02381928848774272 -4.8008753723597335E-4 0.0016747385635286242 -7.318491726656418E-4 -8.017609791606038E-4 -0.002085896520551882 -3.0798559798477426E-4 -2.6620086421594004E-4 2.088782551661004E-4 0.001388133253056962 -8.820185965135797E-5 -4.086185021393929E-4 -8.576814595920103E-4 1.3042190880613072E-4 3.422692590887823E-4 1.0363494099984145E-4 -0.0014342868948647425 -8.468174370706765E-4 2.5773651443137743E-4 3.0876585944707353E-4
a -0.030735792999339807 0.0020935240652571233 0.0035046627752364683 -0.0034007840339374076 -0.0015028751508408152 -9.928499416175355E-4 3.145508908773883E-4 -7.737012419847416E-4 -2.364928512851738E-4 -4.107640627415118E-4 0.0015447956560017814 -9.234345230711672E-4 8.991087342064534E-4 0.0010814838040908983 0.0013397231943876415 -4.7238336022024425E-5 -8.787072470041748E-4 -6.440938338152637E-5 0.0014104834912821015 -6.094888417411068E-4
to -0.012501544468631822 7.53391204396989E-4 0.0019528698545940948 -9.785434362067914E-6 0.0021660327310852093 -3.3998787386807576E-4 9.574558617440833E-4 0.002040212768981654 5.238122637751078E-4 -0.0011067158728261723 3.800022438673839E-4 0.0031220205793228402 -0.001466272861380123 -0.0013410395365046639 2.8995488029393045E-4 -7.940464554373687E-4 3.601600159312505E-4 -7.783671744084357E-4 2.8749682983792796E-4 -9.199747478907899E-4
's -0.018112012666059305 4.770765217699213E-4 1.976336142439224E-4 -0.0011823901267487959 2.978538166752105E-4 -0.0011529905836799594 0.0010711119337608098 -2.1490767324459986E-5 -9.456373459445343E-4 3.9939454725041807E-4 9.830809403135544E-5 -9.181821267788772E-4 -0.0014217664060350301 8.146195812388683E-4 -0.0011225823837740943 1.8044573391624123E-4 -1.2945562187729906E-4 0.0010658754993524984 3.0320687668135743E-4 2.5435129442270875E-4
will -0.01030621009789131 -0.002032683294695161 -0.0031658613108470814 -0.0012376766753276467 1.7636238766318964E-4 -0.001001556799087494 0.0026197223190628275 0.0013526118547329139 4.2359712433557987E-4 4.6380104790492234E-4 7.810090625379346E-4 -3.4176122599777355E-4 -6.577919381229436E-5 -2.4688716722480274E-4 -2.583140811546322E-4 -2.064363238705625E-4 -2.4010390856568655E-4 6.942626876844893E-4 5.106452045230833E-4 -3.4797911677543116E-5
Chrysler -0.015836110476253818 0.001361776605462 0.0017164237975411801 -0.0016329213791653643 -9.935773467435061E-4 -2.8566732413633786E-4 -4.7577375517871755E-4 -3.895151777562522E-4 -0.0014187221629514207 -5.827561753565528E-4 2.4172980401280684E-4 -2.3317486133332916E-5 5.483420775221844E-5 -1.2698539098926752E-4 -2.1500338285504778E-4 5.264801084925082E-4 2.9062942005178137E-5 3.607289983073681E-5 -8.278696284521788E-5 6.74297499816522E-4
at -0.006340936136285007 -0.0022891886007869403 -0.0015263870297002255 -8.771296921301551E-4 0.001959088197727069 -4.212871044773726E-4 2.6285341016821267E-4 8.067468791188864E-4 9.120439074219349E-5 4.527429612915255E-4 -2.6507838220726895E-4 -5.000054811187725E-4 1.4423433732264698E-4 -4.6224574451208096E-4 -8.66179527539303E-4 -4.718791377943871E-4 2.7359885033865204E-4 -4.5536611406679796E-4 9.002375815471796E-5 -4.653484635449557E-4
said -0.012358979441731909 0.0015004159079547996 -1.0403712612969156E-4 -7.482196178718614E-4 0.0011607434567843286 3.0186611582539364E-5 -0.0010537978637498008 -1.0627562161632946E-4 -2.2567497237584505E-4 0.001183432499249621 2.708312570521357E-4 -6.979675195173263E-4 0.0014631959567347726 -3.9843366561978874E-4 3.982097783573554E-4 2.766819077856799E-4 5.240340139212312E-4 -3.354568668163524E-4 -2.0242564952062037E-4 2.5411862547261463E-4
The -0.015728075371301237 0.0013435690441236322 0.0019655723179027363 -0.0015380461066394704 -7.063208153597938E-4 -1.5157029804320807E-4 -2.0928315427852636E-4 -6.557276978219445E-4 -8.789569573394609E-5 -1.8210254785837226E-4 2.3286135660546538E-4 -1.9036215155566373E-4 2.582604027381688E-4 -1.513733552705676E-4 1.8169565935376438E-5 1.5885693360479392E-4 8.761394872256629E-5 -1.621759564418306E-4 -3.024328062098302E-4 7.713993313128079E-5
million -0.01040784106021546 4.411829523922164E-4 0.0010110987940531448 -8.401947627370228E-4 0.002182736317892437 -5.449038908302488E-4 -0.0017454909773948796 -1.5918621434181596E-4 -5.241462630914247E-4 0.001061208912047814 2.4986784312523773E-4 -5.073732014548565E-4 0.0013221221462213864 -4.2829588017504E-4 5.993219586281145E-4 4.4648196388075753E-4 5.364199754511827E-4 -6.217568629074719E-4 -3.644506170720389E-4 -1.1919824639158927E-6
for -0.004098624077431649 -0.001307271742392586 -8.256850078807596E-4 3.401171383862598E-4 -6.320236077824758E-4 -0.001308789432706248 9.78382232515061E-5 2.715638167866509E-4 -2.761452537664653E-4 1.7537891984309662E-4 -0.0014314398348567886 4.289471348843958E-4 -9.483924075856915E-4 -6.696590320905373E-4 0.0011966196452480183 -6.211353238787246E-4 -1.1377976262459726E-4 -0.0013590895082029836 0.0013185502133296987 7.255605047607715E-4
$ -0.011129923623613305 9.323367867055089E-4 0.0015339868019998409 -0.0012000135602998818 1.3949685154227478E-4 -1.691722617031743E-4 -3.877986881342491E-4 -2.2660594719080921E-4 1.9658027251922417E-4 -8.353782643235931E-4 -3.386517652478455E-4 -8.841741385607966E-4 -3.3183404176933125E-4 -8.699231552622247E-4 -4.5754521777794516E-4 -4.381230467753457E-4 -2.3842725091426502E-4 -7.9405555532343E-4 -4.403296799037047E-4 -1.9757447855895757E-4
said. -0.007530700597864988 2.9471661230882966E-4 4.57318215078044E-4 -4.2450596996845857E-4 -3.0394812891200657E-4 6.432820934469714E-4 -2.3555094300299238E-4 -2.4374657633768928E-4 -0.0023252136400879163 -0.0010581210165141162 -1.5728428866975414E-4 3.219824960990317E-4 -2.605821029934963E-4 6.341105480068261E-4 9.453799991174449E-5 -1.4998645154414914E-4 4.5142749805260546E-4 -0.001535729810398909 4.4052802018713883E-4 0.0010320229397317178
Tuesday -0.009402047975098781 0.0010776762604732541 3.0707319861898166E-4 -8.8455979723209E-4 4.301142066120739E-4 3.202512098710836E-4 -6.364710136535918E-4 2.5431749939693006E-4 -7.37718160144852E-5 1.7789447557638443E-4 1.1511180242993142E-4 -1.2825568409258545E-4 6.522804932989353E-5 -3.7240420258511633E-4 4.019669837703578E-4 3.0838912419929685E-4 2.2994950645552868E-4 -5.258512287860563E-4 7.340598390356872E-5 4.93843305774271E-5
was -0.007617629676929692 3.4824990573453476E-4 6.737467805832882E-4 2.758334313880644E-4 -4.676363910500595E-4 -2.210983598755512E-4 -3.803528651417305E-4 -4.628348220136473E-4 9.361849067446679E-6 2.398881798445272E-6 -4.226030098282239E-5 -4.1793505549389895E-4 -7.091876043724728E-4 -1.4836713201872776E-4 5.378882410025619E-4 8.49391160292183E-5 -1.5795775463938678E-4 1.5786314127016823E-4 -3.3641294657516023E-4 -4.5694983392323885E-5
about -0.010332908854377503 9.027397238107446E-4 0.0011826978226419905 -6.958656749964444E-4 6.744936575007503E-4 -3.328160762390517E-4 -5.142902590746516E-4 -3.7273403552750515E-4 -2.88317721593221E-4 1.8577594820155617E-4 1.5592399329164512E-4 -2.9080507040676727E-4 -2.8135857880244857E-4 -8.261668881689527E-5 1.2334114094639246E-5 2.1152316025788146E-4 2.1337377352091149E-4 -1.2124769828883058E-4 -3.2548487990833474E-4 -4.617550478931264E-5
from -0.005907866576816689 6.437751608749909E-4 -0.0010588697379684206 -7.010118506792895E-4 -1.7536210087617054E-4 3.080308957413007E-4 -1.0562611748395167E-4 0.0010254969443799832 1.738646147930291E-4 4.7984177627946335E-4 5.235413486987717E-4 -1.3973782785565793E-4 2.2230533272380012E-4 -7.114709137846022E-5 -6.904111699041888E-5 -0.0019634388136505346 -5.330833239248158E-4 8.208325934001862E-4 5.825318932967668E-4 -5.846100738370275E-4
is -0.0031795732010470776 -0.0011615580093009437 -0.0010042350152530976 0.0015495052043612019 -0.0012771655545861476 -0.0019590752471048095 -0.002399074844837234 4.032901117287166E-4 0.0018580890857544164 -0.0015731998948241561 1.2493676226430484E-4 3.6303171565141545E-4 -5.7119962452089766E-5 0.0016166297490364258 -0.001067665417907496 -2.146799847659954E-4 0.0014882792862419714 -5.298749881736368E-4 7.917293468347018E-4 2.9738687562805754E-4
be -0.006737243244894005 -7.373122144730235E-4 1.343101907538548E-4 -7.652087403448633E-4 -1.6789893421601768E-4 -6.696486280336216E-4 6.020676048325891E-4 5.304580290049583E-4 -1.131211684116019E-5 2.346681415495404E-4 7.71915658172559E-5 6.483401628210632E-4 3.2367377387301914E-5 -6.02291889860314E-4 -4.176437279067857E-4 -6.084612326267046E-4 1.1915640829297274E-4 1.2509556325553367E-4 1.7015349427564245E-4 -2.4216229086051805E-4
on -0.005736784583649783 6.142574329276302E-4 6.585767369763711E-4 -1.8115905214030037E-4 -1.104890810251394E-4 -2.8046177100803446E-4 -1.61609041271083E-5 -3.430043924411428E-4 -1.417263775606848E-4 1.0745467242519297E-4 -4.54697622567946E-4 -2.0992212356591114E-4 -3.5750958262822734E-4 1.3247413041621645E-4 -1.017355344772562E-5 1.2001015064081666E-4 1.9449312241620443E-4 3.232996637216996E-4 5.3891434312734034E-5 2.1074703573140837E-4
plant -0.002493260895201351 -0.003329960120307952 -0.00121406584648637 7.582842193981495E-4 8.443506256321E-4 9.140391086313101E-4 4.207798560860996E-4 5.546353729785107E-6 -1.2618843873578008E-4 -6.034375519180591E-5 2.3775412880542058E-4 1.498026832720507E-4 6.799767059657002E-4 6.032240026136819E-4 -1.6845297735708974E-4 -9.439807618747805E-4 -2.1946228033929973E-4 6.251659448891728E-5 -1.933730105851284E-4 -4.603206506699986E-4
Mexico -0.006777251940008615 0.0010353572238012262 2.2732237005010082E-4 -5.278541122307308E-4 -1.6377528186858684E-5 4.3283499321194037E-4 1.1580370130215619E-4 2.3696611573087675E-4 2.71451620984434E-4 -2.0956271941335468E-4 -1.4553411808621155E-4 -2.0552198056360035E-4 8.072120451962637E-5 -1.6172990354938968E-4 -7.337901169110786E-5 -1.5849315142219434E-4 2.6732680278575148E-5 2.2084861974510243E-4 1.1524748914079573E-4 6.955614109434128E-4
. -0.008458862017821015 6.505959847257518E-4 0.0010066570667573629 -6.62098933619288E-4 1.7745124693867035E-4 -2.911021949532712E-6 -1.857133848357033E-4 -2.610505443884013E-4 -5.2850828213257176E-5 -5.747619754206833E-4 3.4554211132048143E-4 3.1792363350660087E-4 -8.670336682463451E-5 -3.0200589990143293E-4 3.764003175228972E-5 2.5211905104864483E-4 -4.3118059297798223E-4 2.8324809218569175E-4 -5.9813846839240006E-5 5.6980540368990344E-5
Corp. -0.006647779500937351 6.584829475591834E-4 7.733275753444452E-4 2.9439502897177396E-4 -4.7641985043295514E-5 -6.044452232050732E-4 -4.521373465301348E-5 1.2600308568858686E-4 4.2983896908991366E-4 -6.120538912805013E-4 8.011741003510699E-5 7.59894696464792E-4 4.4693062974756167E-4 1.2065152328596495E-4 -3.26180536293157E-4 1.7280135690290988E-4 -4.499652162363057E-5 -3.328180461684504E-4 2.1126168430392596E-5 1.7201993522855487E-4
that -0.005902969686860725 3.108769185895317E-5 -4.889322322284622E-4 5.025592483242661E-4 3.9933816727339664E-4 1.9491210054187704E-4 7.363260646211963E-4 -1.6757982430688987E-4 -3.3887003835655774E-5 -5.2951770062696926E-5 4.3405854861406254E-5 4.881946619472024E-4 -1.6289184615512911E-4 3.7138347630246777E-4 -2.8937300475871555E-4 -1.1373959753388313E-4 -1.3077590610128563E-4 1.512504448745198E-4 -2.1004538729022207E-4 3.131816393770571E-5
Jeep -0.004140619056785884 -0.0016271307237362036 -7.172919851483781E-4 1.1644016358469044E-5 6.227513346688158E-4 -8.314224111097413E-4 0.001477565045283994 6.854198446314513E-4 2.8832058358571367E-4 -6.361226061463363E-4 -2.5225287257544165E-4 9.009967202315767E-4 5.222024419675721E-4 -2.142143187768259E-4 -3.1299304961445823E-4 8.129397010363411E-5 -0.0011167700030882772 2.5083891983945913E-4 -2.363182985112363E-4 6.756761506515038E-5
it -0.00841231434804271 8.041083080749108E-4 8.215611396317937E-4 -2.4658681582693886E-4 -3.76984218865504E-4 -5.722534221112366E-4 -3.0431804980697347E-4 -5.153787347782639E-4 -1.0320757493762996E-4 1.352206088058488E-4 -7.987205052020301E-5 4.158916483166309E-5 -4.064860147807714E-4 4.199424304261991E-4 1.316618991383793E-4 -8.910570057392809E-5 -1.0921303885079087E-4 7.100700130950954E-5 -3.7736418496587713E-4 1.2796640700564953E-4
market -0.005046428228055487 -0.0013406231157517049 -9.3458383831561E-4 -5.4351090502366054E-5 -1.0279775422564715E-4 8.274114360004813E-4 4.0677323126146216E-4 1.6252572465736686E-4 -4.214520855746775E-4 -1.7808020179292577E-4 1.8164114212412843E-4 -7.89415964914902E-5 1.5704447588119188E-4 2.9132750274468635E-4 -4.4000233686565337E-4 -4.191641041187208E-4 3.9773927884069905E-4 2.7217044124930713E-4 5.0964756945570355E-6 -1.4231682963771242E-4
Brazil -0.0031289037916049324 -0.0017033985293572265 -5.770142900780063E-4 -5.107004869488601E-4 3.751458941936505E-4 -0.0010285862920289797 0.002091198394685958 0.0016854386345986389 5.592951374206019E-4 -7.710171000645089E-4 -1.4349703745920495E-4 -8.176835893290798E-4 2.3103110097960227E-5 8.388615023523749E-5 6.548455574485691E-4 -5.3515514855357795E-5 7.024784658651628E-4 1.0058065782841487E-4 -9.16897041077785E-4 1.9593420821397217E-4
with -0.007493053029304861 5.525447722243692E-4 0.0010425806950153916 -6.584057932509112E-4 -1.5125540129105064E-4 5.4152804838872176E-5 -4.080504523749949E-4 2.0040007184146758E-4 -4.5846483810120455E-4 -3.6474569652314047E-4 2.3339392854426866E-4 6.281804589338919E-6 -2.0002878435292483E-4 -4.5926300573201275E-4 -5.998477646627005E-5 8.736528980262469E-5 9.046230388285437E-5 7.586019299760718E-5 -1.63126123618617E-4 -2.0022717563231794E-4
by -0.0030951396136591957 -0.0012269599636211572 -5.924545389860781E-4 -1.3957213208012158E-4 0.0011021094762441886 -0.0011804755788965286 -3.936494472192688E-4 6.04895699843543E-4 2.006760258016277E-4 5.207635231540951E-4 -7.209775052829075E-5 -1.6098988746280008E-4 8.958334692567163E-4 1.776103455044164E-4 -4.609135384031782E-4 2.2487132351109592E-4 4.4286233973382834E-4 -3.6455222857016993E-4 2.537800312521489E-4 1.1322444252911822E-4
he -0.0046743027888198506 4.7475676797857484E-4 5.834918939031174E-4 -5.098062601527799E-4 5.026408504880364E-4 1.6364044241837697E-4 -2.9569786670393587E-4 2.1243083807432836E-4 -1.2336767332068435E-4 -4.3494666764559443E-4 2.135337922247103E-4 -1.1290557933252565E-4 -7.914599149145524E-4 -2.800456316628549E-4 1.6639666625676186E-4 -1.332461169118667E-4 -8.782402905508704E-5 -1.9320295939342913E-4 4.353990200200776E-4 -5.981178401579988E-5
has -0.004221654804338663 -0.0029542882453786152 -0.0013267184358375429 -0.0012233603362246466 2.2599375586636268E-4 -0.0012279056595279215 0.0016181276791699497 7.691153618849464E-4 7.015886699347301E-5 4.8576285488347726E-4 -1.2280973923924565E-4 2.242631924976216E-4 -2.5207881853324876E-4 2.639427536865492E-6 -8.678428135634274E-4 4.7982881790928885E-5 -1.602934961820203E-4 2.1729606605449682E-4 4.1919136268121066E-4 -3.9959851047550386E-4
which -0.003193596443236004 -0.0018673046506987652 -9.99451528272925E-4 -1.8079151951272404E-4 2.5975381810515626E-4 -8.457126374011285E-4 9.776482854107781E-4 3.6761008004895166E-4 1.72345409837173E-4 -1.412351307805041E-5 -8.456896956978174E-5 4.0466102502316665E-4 5.060595552223647E-7 -8.775645074394745E-6 -5.286956590021833E-4 2.462415531361824E-5 -0.001405723606832083 2.0732855514021348E-4 -4.2181187592748215E-4 7.937321873238359E-5
or -0.005865569035915419 0.002059213613408571 -0.0021034868590694687 1.2969165838290509E-5 -2.675296908961775E-4 9.582821791004992E-4 3.440128781791611E-4 2.6504860615661973E-4 3.35596515410976E-4 4.6593156717143714E-4 3.6239782910318333E-4 -3.2891374949960275E-4 3.06691309132978E-4 -6.08906312461008E-4 -8.416738070675401E-5 -1.8146520800572144E-4 3.1209002078914666E-4 2.2397405932218464E-4 2.6967971822024266E-4 2.5616656121878027E-4
Mercosur -0.003844978962184702 -6.692950026912075E-5 3.587333108244954E-4 4.100201873792511E-4 1.152187704879599E-4 4.7003451558773085E-4 1.666969893632588E-5 -6.717304503688348E-4 -4.1112107291259157E-4 1.037725102984336E-4 -2.0742773001120976E-4 -3.292878116248008E-4 -8.195947596763299E-4 5.747368812971624E-4 3.818290540931746E-5 -5.575337696367394E-4 1.783393144965973E-4 -6.899460439454548E-4 1.9096606828356158E-5 5.820477691189529E-4
year -6.115026799874881E-4 -0.0031423132703599205 -0.00187853186535615 -3.525086011287622E-4 0.003041881752888013 -0.0016771574933289234 -6.130734017654795E-4 8.93779399533692E-4 -5.024525381788572E-4 0.002208114442989627 -1.7389171522743635E-4 -4.7391492659953346E-4 0.001808427813823343 -1.1524589467457057E-4 8.482595883180913E-5 5.211406283815796E-4 4.13033138016804E-4 -3.519528865293039E-4 -5.115362487054675E-5 -2.3167790821293429E-4
We -0.007451666298604617 4.0661262301433624E-4 0.001115610970527242 -2.8243074788239866E-4 -4.643996546765132E-4 1.2712517458814793E-4 -1.0003874671210612E-4 -2.3749693865509857E-4 8.256674880635707E-6 5.264133735922639E-5 1.1497366647854897E-4 -2.2935156046859212E-4 1.240926525724896E-4 -2.980621912804367E-4 -3.243629391593512E-5 2.300821878902914E-4 -9.052537478537078E-5 5.636030467760347E-5 -8.917654455966785E-5 3.009498658151048E-4
rates -0.005862740979695435 -6.439091728612001E-4 4.572412695675326E-4 2.01467256543603E-4 -5.169435022204339E-5 0.0014648791350614478 -2.5058618204939695E-4 -0.0010568498544159942 -1.9672355353949345E-4 -6.713518670478575E-4 3.1675964660154586E-4 9.360750641446935E-7 1.8418705880506384E-4 7.76289183238586E-4 4.437949974878882E-5 -5.664961433508016E-4 6.279111268064052E-4 -1.7936271268426297E-4 -2.51271166695887E-4 -2.9434139380026265E-5
Argentina -0.0037415824558952597 2.0117635126303232E-4 4.4565654260143785E-4 -1.0595058804171738E-4 -1.5315568740660945E-4 -1.7902758619838473E-4 -1.8356076099023064E-4 -1.1005026796471595E-4 6.586338973606244E-5 1.6982234952343887E-5 -3.00667966724401E-4 1.1278637260748567E-4 -2.95743812960467E-4 -1.5010572795422E-4 7.969324510846455E-4 -2.181418600129696E-5 4.5531406604189625E-4 7.263816923154952E-4 -2.0685917727832745E-4 1.5723171197312352E-4
one -0.004777465638835824 -2.1062132666758543E-4 5.164171370793352E-4 5.029082615284755E-4 -9.561541283268572E-5 6.918938059238133E-4 7.308307675950027E-7 -4.1857828148354607E-4 4.452093355597682E-6 -3.970914610401837E-4 1.512110690637111E-4 5.3211289276792024E-5 2.7230886461657985E-4 8.37058450643905E-5 9.721571091597337E-5 1.435604495283814E-4 -3.6950980744049415E-4 6.380685536414537E-6 -2.740197109367511E-4 -4.350748505557705E-5
its -0.005733872343122541 -2.1530037633883897E-4 3.9218983072977846E-4 -5.526624169849166E-4 -3.000536271612392E-4 -3.6680512038534974E-4 1.8979667841523225E-4 -3.889580940223636E-5 2.5123298519610584E-5 2.887377451877905E-4 1.6709939120233807E-5 -1.743798164516793E-4 -1.4791035950833782E-4 -1.019473568976132E-4 -2.5071454847812964E-4 -1.1389107183177355E-4 -2.974779899132139E-4 -1.8189462904374251E-4 -5.569078283562881E-5 4.659996145025031E-5
% -0.3493413408863881 -0.005778260488631089 -0.012806799328305233 -0.009709011767021354 0.0025980869397271202 0.0010361603657515065 -2.65587858417239E-4 -0.0020596714994547266 -4.941078006479128E-4 -7.405419613088634E-4 -6.784230998213542E-4 5.91430781092459E-4 -4.8824929311229475E-4 7.287547888009324E-5 -1.3890888350096058E-4 2.4007019602084525E-4 4.754371708002008E-6 -2.2070511572759097E-4 1.3475266585273073E-4 2.0683261523453747E-4
8 -0.038315337075775745 0.0020925648564799784 6.78602575460332E-4 1.0209548290756547E-5 -9.172310184379943E-5 -0.0011168514271157678 0.0030598112121772015 0.002714982115756701 0.002260239805523357 -0.002909474021096228 -0.0013247373414359386 -0.0011291605850849906 0.0018778245814273173 -0.001063640912885738 2.8578982443940382E-5 2.908154491111233E-4 -8.125566656037082E-4 -7.413916073118484E-4 -1.3271436094462334E-4 0.0013071166316898902
markets -0.3660054051200511 -9.247860932651488E-4 0.012367257119767336 0.0030906474356733275 0.007421331978081431 0.0014036526328809259 0.0015870025664428055 3.245559780361971E-4 -5.978053423859628E-4 0.0011086754216071183 -5.988338792895232E-4 7.239444531937895E-4 6.817014763469249E-6 8.491313051279641E-4 -1.760035462924476E-4 -3.309128729464355E-4 1.2836371374104472E-4 2.760620054708265E-4 4.58644744472646E-4 5.981596323326387E-4
