Eigenvalues in decreasing order:
7718.1423253840685
412.16337481678505
267.0268033940081
185.32033774483708
144.2264682695146
125.3323522799156
99.44204289215861
93.35697736324455
88.13037291546608
79.73701402473262
76.31066628594428
72.76119274834015
66.36195681724759
63.614946487802
62.09315895243097
59.624176927557635
56.20887649384995
53.88736088082664
52.36494343894034
50.82781690112131
48.967480570524465
47.42843649559922
45.846636189139026
44.211649108681364
42.45534664494664
39.48843542665794
37.73829662556316
36.93295378534589
35.564121293408526
32.5167502903583
31.858889537563826
29.627856786587873
27.493634749232804
27.331482063224797
25.231688042906963
24.756216209924307
24.4791239767702
21.837189576423825
19.29242589409683
18.343700275576797


Normalized Eigenvalues in decreasing order:
0.7358786664633613
0.0392973103939388
0.025459407161396014
0.017669184793301186
0.013751130345164933
0.011949689494210125
0.00948120348509285
0.008901028914842667
0.00840270346954566
0.007602446945725469
0.007275765200486488
0.006937344147416682
0.006327215310083731
0.0060653043200071255
0.005920210988612297
0.005684808332974512
0.005359179882140848
0.005137837266072874
0.004992683876862717
0.004846128063410622
0.00466875613109596
0.0045220174919600245
0.004371202302105212
0.004215316071749626
0.004047863145846875
0.0037649859224444383
0.0035981206648759566
0.003521336046204726
0.0033908260625437987
0.003100277480332713
0.003037554395803316
0.002824838778960558
0.0026213534841091944
0.0026058931962170445
0.0024056904066886283
0.002360357013801402
0.002333937928168558
0.0020820452988999177
0.0018394173158869204
0.001748962007658148
