<OOV> 0.2337839414232928 0.5391034822952062 -0.7266506992208785 -0.5345643429818465 1.0350500813552053 -0.07600506478415252 -2.169433313612197 -0.42398406485457585 0.28137830356709614 0.7898852934068723 -0.32558842708669833 -0.3291072157950966 1.8859408305388725 -0.03460094327919781 -0.14180418878195253
, -0.515986757888303 -0.17178381022529687 0.979722894774711 0.6632950317258952 0.4095779313609219 9.30686117524522E-4 -1.0860502480626257 -0.9669185509363721 -1.0333124765211 -1.153750397314509 -0.8340352346298503 -0.20275681355675212 0.18483388743453008 -1.5478069639743315 0.5229942137334502
. -1.3814924605814334 0.7795691388517785 0.6736292579052274 -0.7436802819866568 -2.3724253516553677 -2.856886586626407 0.6287631308263335 0.4517336255052488 0.9263796716500677 -0.11977571901655311 0.1504600601328107 0.07565986979104404 0.28161994373936716 -0.03419168364002828 0.7553409096072423
MORTGAGE 1.1230569394705392 -0.5811591163090688 -0.8570341705412848 0.24417915745390828 -2.608318202683817 -0.6394615715539665 1.402841888982372 1.4656010254557508 1.4163218839718033 1.1582352543722136 -1.6918173174877877 -0.6360331356981092 -0.2820442089816475 -0.02217263253603641 -0.35989849581387084
Drexel -1.3574935430805344 0.7055351300429211 0.980400804121415 0.17582366269965272 -0.6285186175719237 0.8766604850809225 1.2971273725473944 0.29254278513787324 0.29065214660180494 -1.399195217564813 -0.4370238392846207 -0.2601349583150353 -0.34766238406012523 -1.1657957197240107 0.25093757981535547
by -0.7474624823027023 -1.3008931331877869 -0.9965074122341391 0.4510429454750008 0.6906697536786837 -0.18818214627492832 0.3209902091819583 -0.2511030552396488 1.4996763049574935 -0.5050410241781216 0.5724464774846376 0.4114224324811147 -0.5761253100345363 0.8429082690675438 -0.5808191518701233
equaling -1.9691451151586894 -0.6808700268634305 0.08285670535980043 0.3442594188609664 -0.9120715480020256 -0.3392860364147805 -0.9100879702110374 -0.8284246428936463 -1.0913756860636072 -0.7364859519764354 -0.8751083193273246 0.35771060408500516 1.3970173223726385 -1.5926695540483535 0.33261243355390235
% -0.6240537120290998 -1.1375071505405763 -0.010711807995993835 0.300837443056505 0.31899214274087717 1.2229794884661653 -0.43932065667783643 -0.3249003750362983 -0.6707877815102831 -1.1384910440071607 1.0281668538169733 -0.7623208854435474 -1.3888478942923856 0.7830435973226322 1.207449531756668
Mac 1.1366715740616635 -0.17668603500328423 -1.0322444246694615 1.1113370686414656 -0.7756977099091783 0.7709567601846531 0.21756500857195796 -1.7158166561560273 1.7597934830546542 0.1519928956990465 0.9592930451331395 -0.8064462714939021 -0.21714438540891293 0.6300481449933406 0.46450480377643405
: -0.09259356322300796 -0.16055812948419376 0.5318105448136001 0.22598194009756314 1.4933833025479646 1.453325631051442 0.4484272267412654 -0.5194576793806838 1.6464747767794514 -0.17210358021812977 -1.1706356942494658 0.7171385389812079 1.8336675176122852 -0.43381830361910856 -0.7415930573836361
Systems -0.9662343743543127 -0.0938776366611864 0.37284640431435573 1.9470480072483511 -0.8793074213610828 -2.0583187930877473 -0.32826624992755343 -0.634087899417111 -1.4684641444734978 -0.23240450162184134 0.6037284399900781 1.6998605350306162 0.22230608842789773 2.162516818743209 1.1619601639445136
Posted -1.2806897606666052 -0.1546578015616843 -1.0452755473829864 0.40739906573353757 -1.5457037233791913 -0.3728817647226044 -1.2948204065873832 0.2696412722356142 -1.7210516626145909 -0.738558092391591 -0.6447459273486648 1.1281169328598444 0.7410454784044642 0.33176617358556526 0.6011020907367625
Burnham -1.0157941328395745 -0.775447165860925 -0.09426765235785284 -0.20085840191425502 -0.9883151062314465 2.3431060563041832 0.6475391486028641 -1.0354072660516214 0.8390412039668297 1.0087473635468474 1.6187300243504914 -6.859976436539171E-4 2.088485172189954 -0.6389162205912853 -1.8692093818804176
mortgages 0.6073785522182302 -0.377225233845474 0.22676518317180605 -0.038133686881997884 -1.1704274051474122 0.7422526608252608 1.6936191955381432 -0.5660744782095224 -0.2078123413604639 -0.3515016934560901 1.6083981184417655 -0.2584115093268499 0.05522473051465298 0.8540694601216958 -0.28194826070658335
rate 0.4482373368751021 -0.6573541565039975 -0.9685518105549075 -0.5513692408834047 -1.3385614026318378 -0.54972743570009 0.9013612014970966 1.6804539637165985 -2.117727690184065 0.04314759433343807 0.88830375878482 1.7774043286736225 -1.0131300000209948 -1.2847680634757077 -1.3627527686222192
Telerate -0.9731746490052432 0.6066751087503071 -0.4297161367600181 0.35247087881366107 -1.0180003828666677 -1.1530418075718318 -0.6447734890464829 -0.33229022031881217 -0.6521864271921495 0.012887366026392157 0.8292671110527126 0.7457168230981676 0.508053838864644 -0.5136795300377194 -1.0130841359945693
yields 2.560172676827908 0.9050288318681918 -0.05012622725650799 0.8575831025122743 0.7414260162293848 -0.9704139827266723 0.8376514017037783 -0.5411732909784134 0.012309794192040011 -0.29741574396548265 0.2255444324905739 0.3607367959784757 -0.09127305445493629 0.40323338620770477 0.7060782712018218
LYNCH -0.4740442147492184 -0.45157586104463887 -1.6949312018439575 0.21173145538696328 1.2720898294489844 -0.9920477090379776 -0.03244276749225902 5.717684698293438E-4 -0.9765562938601163 -1.1857385560142932 0.06011919232649088 0.4889732173038497 -0.039330787113844565 -1.12177275169405 -1.3234395475922707
triple-A 0.2504423435372933 0.458762403257227 0.6965841494682525 0.9480508100390015 -0.07789811383921386 -0.39748573881867083 0.9930509396929005 0.07471670195266882 0.3968173506521314 -0.5190628189575307 0.5138275758166896 -0.29901101615373393 1.3695828849768261 -1.2434705228304765 -0.37322662914823473
CORP 0.1686208275216438 -1.1388737644846998 -0.051323894489524326 -0.6367477944949355 2.020557439081428 1.5906326040679457 0.16306859918745065 1.1565129102017915 -1.8377080831626187 -1.2858365424776066 -0.525509511489727 -0.14343893261218055 -1.7883117467154834 -1.0719067853564668 0.6400073753726632
ASSOCIATION -2.096891130718649 -0.08099866961882782 -0.6983606641931412 0.0125097266875847 -0.7255575040461475 0.11056744850860803 1.8021858614738422 1.0588035510907128 -0.8916045346731524 -1.9484227459291665 -1.4150097040359662 0.6285482431705884 0.29893719338023605 -1.6061869076173085 0.10408751467165273
percent 0.3507571581666745 0.40384760782737406 -0.04279462225308579 0.24514163443906797 0.826182508500775 -1.1113597621291031 -3.0745052539527538 -0.38524391429391863 -0.8048951288760797 0.8553138126366585 -0.1873120138719355 0.028901558502978323 0.19935345377126462 0.6027942996138048 -1.4430169254012841
manager 1.1396479204958012 0.05620542897377541 -0.7174712023887531 -0.4555258957007362 0.085876766575945 -1.7991157596520062 -0.17255074861743191 -0.5662534996343751 0.35570503232955875 -1.884967331641876 1.6831422475279922 0.6279661621192802 1.5009415179081373 -1.4861532925983998 0.5260134973232884
Bonds -0.5765403835921762 1.7368381725532362 0.5906459307554518 1.4538638269494768 0.5059979525720275 0.6256865900239008 0.9355339624622616 -0.26569310496747445 -0.26319669795418094 1.0425499359910406 -0.3630271223488698 0.0664299590118177 -0.36600926972207576 0.035508353984282856 2.2391844828641454
change -0.8947450324981336 2.18165724078609 -0.2842589869582599 -2.1276328451484625 0.6068014817402496 2.0183013057943184 -0.3864997295313358 -0.2514404669161534 -0.16640963247913032 0.27805677008965907 2.711161028923091 -0.8961184178984407 -1.9865733637230012 -0.17427525918401215 0.28181051296186815
five-cent -0.3454102815964137 0.04456055833128722 -0.8215754313951104 0.1833635554993505 -0.6195014593840905 -0.9684474885461528 -1.0287259717582804 0.6150175995857612 -0.010492317009641663 0.31936744665884054 0.046087406444178615 0.24741981927192827 -1.6015974826773884 -1.0652757631296936 -0.31094495954983076
where 0.26919440086477814 -1.3384348909740975 -1.0733515460152743 0.38569216754136665 -0.2660926609467014 1.633083429287855 1.9595912913022213 -0.4898486746758869 0.8380741615090923 -0.10231618144688731 -0.07883868614916324 0.07902946736158717 -0.8627004924378467 0.00956918034720648 -0.9704616813672854
Commodities -0.9439635319860817 -2.211273636812652 -0.4375252708569804 -0.8830736495284003 -0.23152247555991315 0.3759235839489863 2.5144813747068184 -0.4082632164696937 0.8085658120596516 2.195169685581608 1.0929445699311238 -0.31724987025508894 0.4977900665917027 -0.5986253232679817 0.6657472099025511
adjustable 0.46800316749163945 -1.8766208238933044 1.5264857255956588 -1.0396137250000326 -0.3341243263489677 1.9088232658088506 -1.4089251074992961 1.2744418197208798 0.397709636737787 -0.021677174080241546 0.24024350581127782 -0.7847340201113243 -0.406028169154546 0.09959058662842218 0.5788271007209638
capital 0.14345119125927885 0.12246383187825241 -2.1844449684056877 1.7651839213296585 -0.37888705139225004 0.39951941970526106 -0.5740989050643337 0.08577857968432066 -0.19179700186219595 1.5246781857922647 -1.7851811269219824 0.6972107815924936 -0.3224644678049702 0.24469173146955522 1.2418024131485945
calculated 1.2279116536996322 -0.5721201419197449 -0.321574778823006 -0.6194496905916607 1.0515359896854983 1.0189370326075247 -0.4533148771922846 -1.3295941957818866 -0.0068862621504863445 1.317633442207294 -0.8545674949708144 -1.3427405907444958 -1.180445102592896 -0.8351110610883306 -0.269609151781041
syndicate -0.732452136532468 -0.9297942881916629 -1.6957339751304477 -0.33967598396148924 -2.218650553254025 0.7941109213855752 0.3141476322379328 -1.245387408616802 -0.28411037636636366 0.9100475207073323 1.5247090178195901 -1.2642038362070773 1.3377503224460514 -0.7527018767367908 0.245932623491619
of -2.487190606812869 0.7662968959389462 1.865023376662473 1.6558470786814317 -0.4046830814327452 1.233065463500364 -0.35842351018389995 0.942879090943882 1.0050753883358863 -0.5318331476098955 -1.328223985815643 -0.9768288991671046 -0.3165741555416528 0.45916636282971446 -1.202502077718846
Kidder -0.5499164270857164 0.522129002943509 2.1233950708371094 -1.5489635636402352 1.5698172252458118 -0.5361418281760585 0.2913053057275846 0.3173359987093249 1.079871154910633 -0.37214343729915667 -0.13313443442036535 -0.7032424216980236 -0.7202438719724821 0.4651898469472874 -0.966513652096742
Markets -0.226911850126654 0.5559353959060701 -0.2858456093429101 -0.38918588306807256 -0.5273192637910211 1.5948729691264758 -1.4922946974165587 -0.21355358832362303 -1.7004192230334432 -2.417455964280957 -0.6558841547111094 -0.8370047171032667 1.8882891716346888 -0.42109672373744933 -1.1732153247368409
offerings -0.5866284084869862 0.8406640858055016 1.415333852264891 -0.33637557293798065 0.20310589254396677 -0.5258498668602305 -0.32942098777443746 0.677320357848321 -0.6168949363504248 -0.9779521347328318 0.39612347892575456 -0.8983814047151454 1.0485734441589238 -0.9115958115483414 1.1200565291460443
Sears -1.6384377824796 0.5512815628384251 0.6871351784335421 0.4409900718081055 -0.9821915680558427 0.32605170216598556 -0.07668310542645931 0.885539025521438 1.505168077660642 -1.0926901218140437 -0.247577286732033 -2.8156551134074284 -0.2565403821991609 -2.3345622643019017 -0.14764752200528658
READY 0.29996537868425976 -0.27278903730661813 1.7696260765898513 1.2400953651818483 -0.7641162866321906 0.9129122263978053 -0.9616489265621952 -0.08802219202987921 0.8902221006009652 -0.36364738249738665 1.1730801323289237 0.21559555164862046 -1.1825601595563262 -0.4924633372685994 -1.0604963658250928
listed 0.729259079437478 1.3979684747511827 -0.21635726170495834 0.7908649826218069 -0.6317333221896227 0.17655241314050438 0.7360701836207537 0.5839893154021439 -0.11749903390307699 0.4073492878288775 1.3033428396901239 1.1555701494011668 -0.09473100628480408 -0.8720287688741154 1.1162190409717727
Geneva -0.6276141022392697 -0.321355016585317 1.1804232259882959 -0.18114077591248956 0.5527056780837538 0.25468174217183986 -1.6508815633498473 -1.9651550952765209 -0.2883664973110958 -0.008127528959714731 -0.7807993018195893 0.8975890454386531 -1.521903374271843 0.15803444154085103 -0.6127488144526911
Annualized -1.9131921287210403 0.3647534111125012 -0.38638141110692203 -0.18427841756402763 -0.47957803808657523 1.0570353870966323 -1.0560642737719825 0.3016020858782258 -2.9069087597530734 0.35070964589321707 0.8655548436095332 1.2755706839792336 1.4151192943622306 0.2992395926066165 0.3240834437678677
<OOV> -0.0977458954324715 0.28157480938972074 0.09596343791211512 0.5538116875283797 1.082328154839572 -0.01727326694545086 1.005146306483411 0.580469162592897 0.24285979508088434 0.01813583370887419 -1.097738366270607 -1.6054678833567622 -1.5626137937802937 0.06193175801455276 1.5273177953882202
, 0.7188697513430305 1.2043697105121434 -0.6287056235051607 -0.6149822161472743 0.24422344573125113 1.169650647065527 -2.13096390990043 -1.2204724301874383 -0.29094732070792767 0.403862938855807 0.18620550994154392 1.2700290085408172 -0.29354706872734687 0.4447702367893935 -0.7202862371093663
. 1.1629633823440335 -1.0725269049248927 2.279370667248889 -0.4092873937298669 -1.3095521616342058 0.5689706524501239 0.3612801905283204 -1.1200483926570501 -0.13285975208492418 0.020308896896837514 0.011932481604974631 0.5194454712013408 0.18847863528383105 1.114052148965417 -1.6863368455779475
MORTGAGE 0.9518823538462687 -1.0148714764068762 0.11387625769838378 -1.5023625059891708 0.3340740759624918 0.3860102323188096 0.47283250622062156 -1.8582299238026634 0.7425474256691371 -2.42521478075472 -0.5401395051495499 -0.12486029871458629 0.22791624543513297 0.4243265486161236 -0.42843485691322125
Drexel -0.28464470878855896 1.3293424866216752 -1.9897564993839094 -0.25447298207404573 -0.49696445477163315 0.07208835906609903 -1.0705293054986975 0.9301729249026447 0.9447451971352745 -0.8420168881725539 0.4962743741125551 1.349249617302289 -0.39289894004657094 -0.4174874597851137 -1.32927712517921
by -1.1343013610002013 -0.4650384236618779 -1.3942441280987 1.8099297097778404 -0.36264888943578677 0.06913447149771047 -1.4160659114566259 0.5980819217912277 -0.7172697248352178 0.54378038854388 -0.8295974081943371 0.4513722399116233 0.3833902157403067 -0.36744720595662567 1.078081671185787
equaling 0.12969815312926464 -1.252339072439319 0.07691948025355787 0.4972042820731671 0.22657889826234925 1.126621987199486 0.24492404930088033 -1.0077957211216988 -0.29594076460994884 2.02371179298002 -0.06970372233715176 0.8693383801958622 0.03680464851659164 0.9418309851568064 0.6906763137310292
% 0.7311090409965284 2.2913673851091287 0.20770129464872575 1.5559024871249094 0.8476692493312782 -0.2925859900792363 -0.43941042971712313 1.1261047426878492 -0.8042523476025086 0.7877543884034236 0.3586931338767332 0.1167338502950131 0.4278949713211706 -0.9357999656645577 0.6521698835849342
Mac 0.22381202172069284 -1.5477139924002168 -0.5512593626905818 0.4121970015443483 0.7488953970928816 0.3968001223023758 0.5898279901156536 -1.381928262663246 -0.2025023389573828 -0.719899154744277 0.2507658636449315 -0.24459387653531292 0.17995482716466854 1.981383226860512 -2.316621170970931
: 0.711046017680784 -0.2098048674111653 -0.609846481229148 1.4902139342893495 -0.3843524618838364 0.6133293334654486 0.13209130729245333 0.9677535614450739 0.32021241089540997 1.2686362109859108 0.4844442878339023 -1.767372159110895 -1.0246215030137242 -1.0662215185708213 1.2544883617325218
Systems 0.21542432173867032 0.26751780083115845 0.1347302481557846 2.2103359565573015 0.8123816877999853 -1.3265117958858288 1.5829686864385772 -1.6429062145376927 1.088041099345638 1.8390407576376417 -0.36792994932427414 0.6415172679730605 2.4650729476081454 1.5825873455037294 1.0138934777719586
Posted -1.931487216544296 -1.1022997895663804 1.406824012495028 1.2204957097983664 -1.4299616187286346 1.1877388249659053 2.5990935899582794 -0.02967011277717748 1.991058065085733 -0.5922864862205672 -1.7587790903925822 -0.0567590672973659 1.0036938076258592 0.3660316703578292 0.2816348847137382
Burnham 0.5363629024187992 0.17193547590454752 -1.2329811341282366 1.9120898315528223 1.3810039348023875 -1.2095877687148755 0.5986172671271147 -0.7369912391532502 -0.624348705499641 -0.7883940766920868 -0.3274683374661702 1.5297780072022547 -1.0677232587049004 1.623081824064295 0.14233439219440794
mortgages -0.3480240661422962 -1.1632508968560948 1.008983476520498 0.1687270680840801 0.262136330784447 1.6816642800072261 -0.4200292472282103 0.6638141130799857 -1.2992401914965368 -0.9719586209048762 1.420343053014791 1.74627880926568 0.8417811775473327 0.5804502135718111 -0.7479209734333814
rate -0.9659744488274362 -0.36766252433760893 0.6855822759161981 1.265389153154306 0.1627052420968706 0.5576429489119455 -2.019405533729541 0.7088682535286032 0.8943848100834058 1.3970813216046774 1.7458620777782465 1.046327885230027 0.436718086920811 1.049378832937722 0.43035629019823335
Telerate 0.06565188806023844 0.7419312158718332 1.0759611840437 -0.3583624205029347 0.15139961082555242 1.359616531699622 1.1108049144479972 -0.25124073813078046 1.1231073186741338 0.7016334554316395 0.4303369900525423 0.2953618198036408 1.4656873470029717 -0.17699353598246895 1.5223333242646016
yields 0.027430760075053618 1.1605923044319362 1.3161216642407343 0.20273994768668363 -0.8580212556189308 -0.13839183749781359 0.556491145313617 -0.19485211131798197 -0.7437769242703919 0.18752403060669298 -1.9756303939244544 -0.9169097973821301 -0.8766496111618666 0.842776876719176 0.5109194614099494
LYNCH -0.683362601263134 0.8781284594719367 -0.5068177804584287 0.22035574498994742 -1.0060046114295242 -0.3592604283445668 0.05486982767553016 -0.8335572071602515 -0.14838498763352304 0.5156856401540088 -1.5273807830928305 0.10662345644008135 -0.5944123709280825 0.46531607274777625 -1.030729301765057
triple-A -0.5186292982553483 0.42345330494495437 -0.7046143809337133 -0.9735231026183702 -0.3502256816870178 1.171082273265038 0.6365149938018924 -1.2151096964699188 0.9128455170643006 -0.018401980347876122 -0.2710956312166026 0.05540904478962817 -0.880087560952339 -0.2663567597280665 0.6995285616447194
CORP -0.06777383403915437 -0.7634303353553548 2.2344053078153125 -0.32583139476815204 -1.4628965624093055 -0.5275598873134407 1.1339646395755039 -0.9379590038639911 -0.3289116056358126 -1.8350293834993494 1.8871260043938312 1.5049122094650758 0.9191200593702858 -2.280575195139336 1.0408085708060968
ASSOCIATION -0.26055393972274743 0.03513460870134143 0.0573606496814815 -0.21636100553484533 -2.0632777133005744 1.3107345817637388 0.5992367409958111 -0.4825492840762243 0.4686025796908737 -0.5756795314393409 0.8295964936444409 0.10010671884510385 -0.260525592141104 0.4455022527719767 -0.1103263651688792
percent 0.9160759715840969 -0.46722814394778117 1.1298617291100428 0.5683560119991223 -1.846118452199673 -0.7069490272819845 0.9336117549157698 -0.45963218488836577 -0.997960231991525 0.23021046356927236 -0.1096926386434346 -0.08064352278113271 0.01250523627480229 0.5403510876569397 -1.091233377275096
manager 0.9819107008562218 1.5871041670857648 -0.4849088472009964 -0.6780392833315462 -0.2129435555255124 -1.0943512048616748 -1.7856711287786842 0.23361178056033025 0.4229146727200015 -0.9729756286645479 0.4260636061378871 0.5763156872448267 2.2331312595569446 -0.3448157823819818 0.019868062044263658
Bonds -0.22964719138797265 0.4053132084674522 1.249510220928098 0.5952663672027979 -0.4629992168370172 -0.796425770520092 0.4855060437899331 0.7582254282743409 -0.2306292044749256 1.8545656127179768 0.7487485496569793 -2.4426908528294464 0.6806738396980558 -0.07331877916525754 -0.15753108073128644
change 1.1375262230706122 0.4259729201118459 -1.7326662279387792 1.5037055823224883 -1.9483588644017185 -0.4461089911979682 0.38818587182854847 0.003247950570195223 0.5971665521462997 1.3353605434372304 -1.192379870839806 0.04067175700121907 -0.8173004825229324 1.1674241341544946 1.6398755483937606
five-cent -1.0260582917158845 -1.7042061073094517 -0.6295344623282102 -0.16418468598266203 0.061632440178092274 -0.7346468346441116 -1.0449130634512018 1.111830990271572 0.4436387214676296 -1.6874030743477533 0.9813011733176707 -0.5582648066505164 1.0104693558321656 -0.4517108681538542 -1.9269515349536452
where -0.03822584310930902 -1.301099871821766 0.6412525549982717 -0.36054703448948683 2.104922895114195 0.09311966094484436 -0.7794880796159364 0.6490882671678232 -0.6697968799653016 -0.5289143532963629 0.8026910228639711 1.305862237604511 -0.19120775927511233 0.5566942621489819 -0.1290053896675091
Commodities -0.2735572563681188 1.0378586445808338 0.7857136285664416 -2.6357239026268955 0.8492607503795198 -0.8719293692583561 0.4655976472198419 -1.0881055818686993 0.031913761763852334 -1.2666809544452216 0.8010835861176828 -1.1246016345627798 -1.20310533446548 2.423424278176493 0.3603502688270408
adjustable -0.6183246425909757 -1.0942532360728192 0.9061684441231634 -0.9040940037508917 0.5648671877936259 0.71722105393878 0.07056272024462577 -0.09153626153576921 0.4356625100511988 1.0986786839910314 0.3687644069869423 0.6267827361307862 1.4888368025018477 -0.696296740425477 -1.2180818383081973
capital 1.3639988323579963 1.485517629638769 0.5936302051130293 0.15138433403535567 -0.3048818444064288 -0.45153384183042683 1.1074614864045975 -1.2392455542623797 -0.2696715767711605 1.4161577170524366 -1.5959498445611777 -1.7564443530536282 -1.9535363188728436 0.6141376622822405 0.08860900477867974
calculated 0.1418295830361904 -1.4756170866901186 -0.6494823583684916 -0.4367346197573586 0.1830069210623831 -1.183378837714424 1.6295885234231464 -1.0880622849354085 0.845353027598396 0.4567491117335568 0.33827649867243664 0.5669787402980615 -0.6698457641907702 0.02856444597451516 -0.5942679126581787
syndicate 0.2674836371131354 0.7449820620881801 -1.2357911093515153 1.5213342905967082 1.0570496700540903 -0.2202897594478824 0.2617203769556855 -1.252979859381332 -1.4335346481393119 0.18567874044126034 -0.021419555416445725 -0.6519677287720651 0.506798419092917 -0.473073235908663 -0.5757772276255213
of -0.6933116236925861 -0.48133335838361574 0.31671931627832084 0.07135651482576895 -0.9487082338743946 0.1344695401817105 0.09590689025732373 0.8071155167352005 -1.4925693105364923 0.27350453259603136 -0.6816144979001877 -1.4458017974111184 1.4022552715469396 0.4748047021843236 -0.28055008038057927
Kidder 0.35572249116508387 -1.0549289704122842 -0.7659795906605738 2.1061311957736906 -0.6900304961621254 0.7303549291898523 -0.6431033649939901 -0.7987946798683027 -0.0010500876989627975 2.583475365438881 -1.1052624473721913 -0.640966574547707 0.9828809568855001 -0.2867296020625507 -0.6770116572009044
Markets -0.2890798336105197 -0.7886458672773681 0.3301503724573403 -1.0909912546072689 -0.03134817869378962 -1.1814800714121327 0.27005306504356624 0.3284097558733722 2.283721374158896 0.7390517813546875 1.5433916804075294 0.3035903205156891 1.5201098105379918 1.707154408257789 -0.5175000960721564
offerings 1.3081060364101331 -0.8807723805726038 0.21224331951322556 -0.7439781447051956 -0.7747347426631088 0.22178912171346482 -0.34223491263375466 1.7704537642274256 -0.3500676743572537 -0.7426426139554129 0.32396805566989856 0.15816468539927542 -1.2834217150959055 -0.9975190052899345 0.1691481820737779
Sears 0.7202575109368575 -0.42249005268685147 2.329515767965402 -0.04977138837077294 -0.021466530060645504 0.3698138378470365 -0.2570541213246522 -0.041036274969369096 -0.6202029557165484 0.4498870585771349 1.6531937780003871 2.979385289895378 1.1026444744929178 -0.19116306682549133 1.80574433822567
READY 0.21657387085369087 -0.019913735632225947 -2.1630205723822398 -0.1741265322883516 1.2439634592265936 1.6207014638413377 -0.6690367899467909 1.071213334697524 0.1141602876755106 0.08141086451124738 0.20698989764406453 2.077447391054366 0.09590758417455074 0.2038577879695738 1.43729030609987
listed 0.37030625563889746 0.4482576255045734 0.7781645545999153 -0.6051814525148123 0.49640657343075234 -0.831428383936003 0.15806062186701442 -0.9792810319928705 -0.3492420147953975 -1.1939137310250891 -1.6064681811963322 1.809077987640412 -0.45861722935346516 -0.663171349407072 1.4816744772709942
Geneva -0.6292797568424773 -2.4045251424220457 0.281884462975477 -1.673572573958841 0.8726675992911384 0.8499194989280696 -1.1473392238468891 0.16472219750284997 0.061655807267712304 0.1507704652477126 -0.014238490635931736 1.6418113010201008 -0.0644131038179382 -1.1931545483428383 1.5028431478704862
Annualized -0.6791398698072842 0.06886800406529865 0.8153705206613518 -1.8684089248852818 0.06995014396005836 -0.021909623274830675 -0.32506533459630926 -0.9109360372001059 -1.2527180066957173 0.9327292431564943 0.9533702200295913 0.7959354109184608 -1.5547804180515963 0.4908232664899164 0.39106375396317067
<OOV> 0.9209738562363219 0.9842641951884823 -0.44390763198108774 -0.9866940141311883 -0.1795317806754867 1.292711794229654 -0.0472816807367104 0.5059921951187394 -0.3971350836157419 -1.8645463538230382 -0.33188317901024794 1.4863452277526812 -0.9716192831362218 0.6429522282705515 -0.9748987511328518
, 1.745270683932076 -0.5462836894064361 0.6583947863601896 1.531568370468681 -1.3706916205117805 0.960976075049897 -1.0784623925504981 0.4706135147153265 0.4607394898471963 -1.4685606218801224 -0.041495144948007746 0.5474792104040694 0.7691405705711447 -1.0296192856842672 -1.4671329592015054
. -1.8748285239554252 1.7043486102320797 0.9300894930754626 -0.5327888023494407 -0.40438185748825906 -0.9815690562432121 0.7064783061153931 -0.22998919503225634 0.4702766696501307 -0.5319475299080842 1.3264564431561088 0.24394566739116993 2.6942302559502527 -0.17843021871339013 1.4372768494513237
MORTGAGE -0.4674793327832604 -0.24811293794804348 -0.0032932681129834713 0.16288858060442454 0.38908390774608215 -1.3275277059159563 -0.32256654049003114 1.3400734898474331 0.10450115516498726 2.106683148365074 -0.2839618073485101 -0.6669180044926758 -0.5886718370535721 -0.8853159696666792 -0.9436508411895522
Drexel -0.43487664626817085 -1.0031209303836897 -0.9987592921949461 0.5056478843569061 -0.4073481686063761 0.5366064422042296 0.4770355652047971 0.0592517017463984 0.5751546528787008 0.9800117723453485 -0.3608590671403299 -2.1363895923718244 1.7183156274033036 -0.42705841749868534 -0.9776580291330743
by 0.4630708813240833 -0.7558841084190009 -0.5500713653751698 -2.3099460736261106 0.5081423011770178 3.0416102401664435 -0.1558637310188235 0.45728204510649656 -0.29192617703244156 -1.2802542176769922 0.18165992197711692 0.48884877422270095 1.5192820713192359 0.09008337298108585 -0.927311580684753
equaling 2.1286897929697886 -2.385654766886421 -1.135598802476775 0.4503935018708032 0.5784127234411596 2.986979905398938 -0.20822533488901127 0.5064787071497114 -0.00798428742257534 1.256654524537266 0.35882623271065917 -0.10282124471933371 -1.2333706876037855 1.579796995132867 1.4367284926782466
% 1.0235081053868387 -0.35956861954053715 -2.6497257876073754 0.912763242175264 1.4440459920904682 -0.6143101722863343 -1.8824198259249478 0.37364640937249655 1.3343997637135798 0.30652882726726605 -0.6731106503745329 -0.6936633886707133 -2.160993434810796 -2.308257058306439 -1.4572034888711964
Mac 1.7362013988335074 -1.3931460348117428 -0.9218141521281505 -1.7089676634785709 0.06565113976859328 1.0779723043492806 -0.257879669489529 0.16852687955562415 -0.6006691518263503 1.3123719482582104 0.7201213124480117 0.67011652584147 0.031237563473071654 -0.3440039897976567 -0.6570183104807213
: -0.03815285126091324 -0.3521706926357356 1.1830068905679616 -0.34316058016756007 1.2817280626791003 0.7871260139233506 0.12157796266585025 -0.1736552090549896 0.23669779821348716 -0.07285144396460447 0.22708696146692064 -0.07225525149117673 0.2292410419312646 -0.10949052431361499 -0.7261581908936936
Systems 1.0977661057823833 0.09162579073743046 -0.9757928324715623 -1.2405382974014332 0.14099992917085263 -0.01831330509084776 -1.5083815212516143 1.1589102548089067 -1.537620476688124 -0.010930552355621539 1.0318016709618658 0.11514613569092445 1.3393783963720627 -1.3184826960169018 0.06534597795505204
Posted 0.15136137522003384 -2.3619062369204316 0.213314505976575 1.7895163298527217 -0.7247688316800078 0.08597331539625234 -1.0879664760267524 -0.5518104161605311 -1.2289202117003768 0.4484918897208856 0.16261054076709106 -0.5300424361986341 0.6611986262934557 0.17810333866705608 -0.8917129803840718
Burnham 1.0864405411505913 -1.2234511299245427 0.23539760616571875 -0.9759108062626701 1.865411982324359 0.4685784402202823 -1.1241732396372155 -1.8969245284209788 -1.3504640420876157 -0.45822799703442335 0.11938855507814433 -0.42121267257388073 0.2359016260727417 0.6349702406694737 0.49455573177773754
mortgages -1.865573601004363 0.6162495199372082 -2.6637866068298037 -0.4412511707881868 -0.4946009931832729 0.3201471439505506 -0.37166254212230493 0.8061308303888508 -0.7692297242075623 -0.18641596779307806 0.6927574277160613 1.1549963107202692 0.9014991696279547 -1.857771783775166 0.743851036917026
rate -0.5978775067579466 -0.38427416455668123 0.2197412091839136 1.4522016175812626 0.21423670239880518 2.944630851365631 0.2930370361439209 -1.257644471933793 -1.550116088950751 1.768106163766831 -0.8256935435727117 1.2438802367322828 -0.10150278798131018 -0.11215152162581869 -2.020320814612218
Telerate 0.9935455618007965 0.4476862708859091 1.6460929333937124 -1.833179625027344 2.587977055383958 0.6452878212855896 1.5904404994061905 0.20257937385765562 -1.0015459944182332 -0.8637951076107473 -1.0639112070635928 -0.45643272895047843 0.4679100549075504 -1.0000954880635446 -1.2967388994526554
yields -0.7576101341919489 -0.5488478397688096 -0.2051988486647373 -0.6212911820118723 0.1277235835178552 0.19902527658642633 0.6013552016563264 -1.2362032284442561 -0.3451000090878104 -1.506827576363533 0.17521334813342532 -0.662609157912656 0.513531013309256 0.6240932926842482 -0.8596486458705623
LYNCH 0.7863281178346541 -0.8253415111843665 0.45934923469578437 0.40859250955444115 0.6586941325472484 1.348641556286511 1.0363569334015037 -0.48846020482346764 0.9481863964761357 1.175855383783947 0.40283898222241993 -2.792620647611487 -1.20079362906849 -0.6595676126244134 -1.3480351700068693
triple-A -0.1621334228091232 -0.12821969697538374 2.4968770971435053 -2.2347648150911046 1.0318240561720269 0.008392749259228118 -0.5446605059798406 -0.6932280015260163 0.12622637741700576 1.3080476273965076 0.2513097694479975 0.8928323594197446 -0.7626913680415396 -0.37997458325759664 0.25185110813757366
CORP 0.31161391735854455 0.2227824661978993 -0.0854618490118861 -0.013943202622818127 -0.6133451324722259 -1.5783409286905472 1.283063893352786 -0.9104663645696859 1.5542290627453998 -0.373698150572448 1.1188406481282762 -1.3082171677850425 -0.42911417700063886 2.558832395193923 0.09402067485315488
ASSOCIATION -0.2776360101625357 0.6223653478554687 1.5141567306756467 1.7840031502235263 0.6577732540552202 0.1638275429973047 0.613157179866072 -0.714125049322388 1.2826855646452742 -1.3265503467955726 0.07825268439078222 -0.526187719382452 0.42523264565835417 -0.2629805272081682 1.3996546942934178
percent -0.16228047651657698 -0.8926938904541074 -0.7830406654734757 1.1835848165954994 -0.6213565876185478 1.3288364132421349 -2.1952059084299185 -1.5108925032925453 -2.095783320033545 -0.5904431270508081 -0.056336100660119945 -1.859093255338126 -0.015212561885043765 0.05461071637285417 -0.8245716565410891
manager 0.11293472564065103 -0.2147161155348826 -0.665481534002491 -0.13194146411383478 -1.4960066804712286 0.24515261395365054 -0.3460290484273298 2.040696387128348 0.6856670675745901 0.5482041588068428 -1.308660921113199 0.47511618846279374 0.8121044347470197 -1.063834673353382 0.8288606328386651
Bonds -0.8322868014019719 0.9725942409013989 0.011124859287972697 -0.15927963833855613 0.40208149366524454 0.633268452682627 -1.029036008515213 -0.8137521825682803 1.7224565260853284 0.5006574251868378 0.17507087056907353 -0.13486964048634734 -2.733129652373591 0.8811010159979146 -0.40327164285985556
change -0.20415592204446656 0.36685245205338207 1.4144757592940556 0.5164371439081032 0.5547821290634992 0.07038609714135964 -0.33518017464722644 -2.8998126881378306 0.7940935596485624 -0.5170672341296108 -1.0501559632268582 -0.5039292469129037 0.7892391034535666 1.0909588685957055 0.137398332202568
five-cent -0.009880813767214431 1.797489935258579 -0.4132734355574299 0.12077537574638333 1.5429700207636365 -0.8779609103911006 -0.8236148291737123 -0.18548873397248475 1.9456265731417528 -1.5477603527159125 0.5990353929307616 -1.3227582020768 -0.7617916888828445 0.16540749104482172 0.009505440517365233
where 1.9458775022870993 0.7851880381047657 0.375660963685162 -0.8258535111835759 -0.6236975670548696 -0.5675246863433415 -0.9435038224043473 0.1133980193094752 -0.30703018768444074 0.16045018871545103 0.10082427548310076 -0.269681821565658 -0.10306429917210298 0.23350373395111304 0.6688083933230116
Commodities 0.964337204975442 -1.4961845457466476 1.2256740120163752 1.6230873567706956 0.4039982424867777 -1.4093911811608444 0.2941576193083708 -0.09462909550849047 0.28456994467043023 0.6922100239540441 1.2150276103239646 -2.015721720154233 0.1851040215483919 -0.39397230635395997 -1.4497319254661625
adjustable 0.06372914689629258 1.0075291905379706 -0.2737351800872432 1.2003367949878283 -0.04044006585337995 -0.6825861862499178 -0.041119865541859375 0.028473233741750915 0.5207679876990956 -0.41420107873212464 1.1702458413439 -0.4148636056544513 0.48160040000508714 -1.2652694795341781 0.3688362578235226
capital 2.2318127234797136 -1.1046965529463277 0.6989825041506768 1.6643120822362314 -0.07969323683024071 -1.6518214610235906 0.26711705962036963 -0.10195062520384213 0.8883373558987848 -2.728318011287941 -0.9121053365303626 0.08071518288450372 1.4435965519315082 0.9240078296646914 0.09296673656584391
calculated 0.8092750417963447 -1.0036628308665319 -0.7712589317962669 0.5455388587716171 -0.007823471462422632 0.37508934750672474 -1.4617008130867122 0.6690391368767638 0.508957262340799 -0.2909615294312274 0.8926504960300748 0.07105391324011927 -0.763546925166053 0.19488085001723893 -0.5926517053894076
syndicate 0.9011875540044829 -1.3885401715062518 0.6452466446789855 1.100394076861257 -0.31433350109700847 -0.583834216886457 -0.307549623085127 -1.0529072874676877 0.09852634132152839 -0.3753904610824359 0.18411024963870873 1.6134630850246128 0.2869730405022804 -0.27526549632897995 -1.040178077260953
of 0.050071344559043295 0.36588481160943165 -1.0796251168270108 0.2215268683240848 0.19474762915433236 0.47009245827374524 2.2131400264455103 0.23831093396963202 0.14549967069432768 1.0168063491119137 -0.398650117959582 -2.4993984029197014 0.2287487336115631 0.5982878504857091 -2.0766587952478015
Kidder 1.3357352067497807 0.29116896937704095 1.0357856339975153 0.6854577745036122 -0.2585641653251392 -0.05349605171486903 -0.7273794449786672 -1.2343879582194068 1.0111460950160922 -1.6057050109747482 -1.4025508209855568 1.7679030002428033 1.1117846550992978 -1.1094962162190631 -1.0154108476041788
Markets 0.9231560502873039 -0.9433573924612089 0.9369797428031026 0.5943548554494611 1.53054282220168 0.3199810419892487 -0.8529158870350352 -0.4326174136993166 0.17472353416842187 0.4062204750642657 -0.9445994038387591 -1.7020984685716722 -0.6972644042048367 0.6447585527429573 1.5649454873320408
offerings -0.0802433723238434 -0.11706237223155226 0.15557397416861224 -0.2367521643328454 -1.0324492686209032 0.613427211929485 0.6626876632914739 0.19563141092979008 0.3981674789279462 1.0054223620360987 -0.07422464535677113 0.9367178398701876 0.2459440478257023 0.08585781883847599 0.3296502699388489
Sears -0.9967407125413287 0.9820342299802982 -0.7875686948738003 0.002947218075840297 -2.1052010072440064 0.8414318383479981 -1.3253839011475328 0.07285632737356025 0.8141032928197306 0.5675152427496934 -0.19565965423577603 -0.7446773243761396 0.5010600317225358 0.4178075747113464 0.4636386388301516
READY -0.5743813714879332 0.12494133090032693 -0.24794517382382586 -0.2778892138933175 -0.27891227192626616 0.7815121080865983 -2.087165244320113 -0.7022459422265573 0.5350352386733042 -0.6067075777909665 0.1509094744987983 0.3932398314778961 0.924505754386865 0.1477194710906664 2.040051246863463
listed 0.13246923402028726 -0.26479222269352887 -0.350522870889839 0.8361327603669396 0.23928145258366545 -0.6893921876408037 0.17610029990056292 -0.13285916488186447 -0.24538850413360194 -0.13484351258719177 -2.3238488618792075 0.4584125689183431 -0.5903396872298884 -0.4152644956283588 0.07237548274918855
Geneva 0.8301714320110679 0.9393887397437525 -1.566857719689735 -0.5919720862949293 -0.5284810502455187 0.21257970515772104 0.8739083797547709 -0.4516756801236383 2.3320749278365756 -1.844574788372299 -0.44190759998950335 1.7277697146145428 0.04680304998578733 -0.5275659471358191 1.3567884981064904
Annualized 0.25746972995869605 -0.43502478620552115 -0.1889785284323877 -0.015433392168011506 -0.7354795900234501 -0.04530993515710512 -0.6190573902473193 -0.19791095991908456 -1.2888573342347898 -1.1562638087535269 0.8494786360000625 2.1063678883540047 -0.6972066618142668 -0.8153662641146763 0.6637337023044778
<OOV> 0.24751957270115044 -1.824156245432239 1.665397618290527 0.17068632307582812 -1.3562488420311276 7.732868562831972E-4 0.06062658749431221 0.4327056823114951 2.3178142728899775 -0.18533364904632207 -0.5161969174611921 -1.5595083208969025 -0.8285640787684774 1.3650159019973995 1.028730220131255
, 0.7285589460434356 -0.7932970422552172 -1.9238911828761514 1.1350646393574197 0.5132713994032243 -1.4343183039590497 -0.7134103041727886 -0.3677245991838816 0.21030992890723843 -0.09668864398150541 1.0244503310304518 -1.0253618409730745 -1.193609877896651 -1.9895848284472324 -1.319979142537648
. -0.5809353988151592 0.7522579679153626 -0.5613405295035919 0.2510869172834415 0.3773535573467979 -0.9320609465049926 0.12284267450977972 -0.7720963975063673 0.9267021814648684 0.615761224901036 -1.4306330237984963 0.5089770208702435 -0.6706716018220216 -1.5121774891480937 2.8798697278370917
MORTGAGE 0.3417736645406254 0.1616897914103691 2.6892122388728894 -0.5408789940167692 -0.936609976249315 -0.5525105460457472 -2.4130959881757144 2.66831173927995 0.9538959496448546 -0.8615908184008229 -0.6758132534039594 0.9555533470731657 -0.9042726334130636 -0.14465038086269139 -0.30903875641828377
Drexel 1.1482643070537515 -1.9112355825103504 -1.5636203263147523 -1.7022687281916802 0.6083358672854857 -0.0902999162073928 -0.6040576227881966 0.8637398089925804 1.1268643221811911 1.5674745976671425 -0.40785619687718344 2.20582103857214 -1.4141932330080513 0.7593790643191153 -0.38642168739446575
by -2.06477153839146 -0.8801467511867974 0.1813409868501568 -0.4107404902603638 0.28098875722315764 0.6904744226735823 -0.6406855908628303 1.0722752558910351 -0.40382044412085255 -0.15539989687796538 -0.43144852118937727 1.3898847174893099 0.31178168124823763 -0.5868294845057271 0.8046465759770859
equaling -0.18617499565441079 -2.7379753446338086 1.1645222656015768 0.460006814468252 -1.0787130083542806 0.678556543952251 1.1646642309425652 -1.0701213311552036 -0.5592830378471365 -0.15080941018516025 0.052951317982821135 1.0186044218584795 1.5607593422908426 -0.698661905382348 -0.015696370380813587
% 1.2154331551409732 0.3397248056111873 0.3042596470491633 -0.08226192458165027 -1.996987934413757 -1.1328337567499498 1.1052176243258534 0.22670335352422796 -0.40292512513984385 0.8463545978472691 -0.4514248161525979 0.34816861329143023 -0.9346764327010233 1.3875020272481267 0.2166062910746464
Mac -0.6334809759036294 -1.1114541308183936 -0.08718956881755574 -0.08793188049000046 0.08504049305659106 1.045989822216559 0.757006304621659 -0.6156683013558707 -0.31135983305754295 -0.9181512042492578 -0.39292602870412535 1.3898195251972267 -0.6668605611656181 -0.08538773240639717 -1.6012908131513026
: -1.4623519961617921 0.2943914361324377 -0.36411777756196423 0.3769280807402017 -1.2610335638931058 -1.7614239162900243 -0.2211912941531263 1.4372358266368956 0.2578033533341506 0.2724466630059879 -0.9487704212746253 0.2390568722416065 0.3375777743065338 2.435368777981887 -0.7354512551954707
Systems -2.74938429175802 -1.1119696161539037 -1.4962617127107096 0.6051075875025831 0.514276482244185 1.1286099928671993 -2.002432165849841 -0.0010734430801155209 -0.7351272324100663 -0.008023265198270546 0.4266309201237209 -0.041764254766755375 -1.3601220887482015 1.3586104354439987 -0.17317827512792602
Posted 0.39697131236097616 0.36907451571422534 -0.19173953937801602 0.7014519643989268 0.47011542721003086 0.06035063284421359 0.5518854435446385 0.8319722340110278 1.726508763338271 0.42421653027404627 -0.4594137207042336 0.9585200250447066 -0.6698339579968092 -0.3983939366336105 -0.21779963439602373
Burnham -0.21037654376538456 -1.9073984113120452 -1.4678570438391403 1.7403676867800335 2.2414460290218035 0.19242756849251638 0.13896228048465634 -0.7887911717533695 -1.0166234158077456 0.7296421702240216 1.8103471802257334 0.927039054187752 -1.6268824804144264 0.2519276731014287 1.1398913630970238
mortgages -1.3726814389465007 -0.43306972360269175 0.3655438443933899 -1.508548620189439 -0.23884811655545754 -0.6479811619603087 0.5607654039686379 -1.2420406925234648 0.9994094361799833 0.8075094972972165 -0.16907154643082709 0.8949611495822942 1.0977721068314779 -1.062920755056371 -0.1954392604817614
rate 1.889244778840422 -1.6457939757892173 0.6511535708612123 -1.8550224651087817 1.2536417388433492 1.1378222584097222 -0.28232838361083323 -0.7538956183379718 0.22390090500713355 0.4146851187911946 1.6532463879130117 -1.1949862157862297 -0.1621402764735207 -1.1689174881896713 0.5746951237677342
Telerate -0.5334235225401665 -0.5029438065881878 -0.6803473783549461 1.7146866342284934 0.13111314908307398 0.4503947150695645 0.8624139916852347 -0.6570837955724992 0.6688789911767856 0.8758068144630602 -2.3270886829218074 0.321981433801863 -0.1511069488413274 0.78219088597568 -0.5369551354613614
yields 0.05108974476007794 -0.9631277897356777 0.4109908433347606 0.3486404361283143 -1.554802756921276 0.6508746589886202 0.5520226288015935 -1.1974148220283982 0.7027419083292863 -1.4876314870798344 -0.2461027771842364 0.6246872070458573 0.12235403394702407 -0.23909349909164268 0.439683742685935
LYNCH -0.6734204571147854 1.9302721917064203 0.14471779109016555 -0.4518794914376336 -2.10124322863307 1.0132800025301383 -0.15536676000522243 1.1267242193914404 -1.216644654270373 -0.2140087323183765 0.3620248353570714 0.7990135562766115 -0.3814505434962741 1.2161625047597684 -1.8509098580093208
triple-A 2.5327073638064426 0.2639294473287633 0.9821450260036719 -0.3669241544745521 0.9244030097747759 -0.818158418959682 -0.8223682318012911 -1.068408150501588 0.7989005484013092 -0.10533100819297145 0.6180044085022441 0.7726097442882064 0.5241255620535701 0.36247048332518994 -0.25474331127490685
CORP -0.6716827636036965 1.0524338624166767 1.3821067722098241 0.6734349788885589 -0.9353561657015 -0.9204219827911103 -0.03148376795489702 -0.4145474220507952 -0.8846186579497564 0.22414645198421015 0.20601801564826064 -0.5577408512122638 -0.08862946651762255 -0.21298559523129149 0.8986786729976889
ASSOCIATION -1.7826108153758373 0.4307387499985146 -2.7104658107983544 0.8373479195454719 0.7335446200632183 0.4567093651184323 1.267455064995937 -0.34684506817963673 -0.13288900808261972 -1.631234340547834 -1.264100021635464 -1.0697415184905292 -1.3414563912533901 -0.5726182634895922 0.7699058962315701
percent -1.7509697690454722 0.30705094641190583 -0.2806772789827779 0.9684627861864554 -2.5932575231041173 -0.8453548229953104 1.5465156328656757 -0.177761958927659 -1.2844392242575113 1.919641479070722 -1.6928830968710527 1.987171114117983 0.10414467274432064 -0.7009627550070003 -0.942769388283
manager 0.6137942786257533 0.2752476961192593 -0.33740018659318816 0.3023684608527573 -0.6493248561904776 -0.47571675245590395 -0.48576458630970193 1.1466474093155008 1.7274027292088778 -0.2845907253079355 -0.5635937379986409 0.7167787549403845 0.24818329465680594 -0.558854328312651 -2.2694782359072065
Bonds 0.23384367339531553 0.5801673642637123 -1.3256476340478363 0.8338595308285339 0.07220952380030402 -1.1208179917594092 -0.7946183003349399 -1.0542259066557746 -0.8434701803010757 -0.5615343615252738 0.3474111327090401 0.47224235261944075 0.5249819915598557 -0.6395050476758201 -0.1781849076285199
change 0.26073912145794814 -0.7162627485152294 0.9535890857127058 0.24114884422707142 -0.4691704393683387 -0.9382881435364768 0.6174215829862859 -0.7962629530878734 2.176363422568796 1.5200056598132086 -0.9763928368830636 0.8229844392533187 0.6640109996723351 -0.4053213034114923 0.12246991431199195
five-cent 0.7555209746628531 1.2640076011697163 -0.34371382758400165 -0.7628686969060139 -0.4865785963819292 -0.6998566244365466 -0.5856644931180688 -0.3614583256748997 0.720606747383495 -1.0152178153752982 -0.18804002548462184 -2.294195611686544 0.8194981049239087 0.07419604930438345 -0.6535095839059114
where 0.037240677385849526 -0.6838938823943687 1.178370767041221 0.8102695949219881 -0.5146445352673172 0.12435058442389438 -0.759046822712586 0.3439731122056749 -0.8927157743241825 2.908712165996281 0.613225770930493 1.5139132795226735 -1.530740666153392 0.11060033347294226 0.13012278430638505
Commodities 0.7732249971723726 -0.6579103563447853 -3.1019990168325315 0.484255130506835 0.31396752156872243 1.6236861039415305 1.129048103782885 -1.6976130290431946 -0.3064391213206494 1.6469594471274784 -1.3772604777745934 1.1632354981855206 0.5049337009278543 -1.1837812985297245 -0.21323937557310027
adjustable -1.326832457098569 1.5502219778955346 1.40264524424586 0.36524461848387224 -1.0925541121978661 -2.001609028240237 0.32003431142750466 -0.16721006466522784 -0.17504648252624996 -0.998630992003977 -0.9786746513118063 0.34954986923024045 0.32049637811286397 0.24423742627568126 -0.8840534882660984
capital 0.13130660385722037 -1.8019988672570548 -1.2589551155771688 -0.015429606460970541 0.15143205699395293 -3.009372579504078 0.4914898778667811 1.1754564557204115 0.705894451625473 -0.4929040804585159 -0.36815148836774036 -1.172308566268651 -0.2659730313857169 0.8475218906708363 0.023172301423170578
calculated 0.07571877694840895 1.8075336190170217 -1.3117775124917022 -0.5814112271656255 -1.056011786304371 -0.024200052419378528 1.2529261372156097 0.7445721315939983 -0.8498302335098256 -0.20892275341154307 -1.4281875067670475 -0.23530407404214693 -0.7129189300479766 0.4101743908419598 -0.18356160119879014
syndicate -0.5729988860388983 1.0607371551147151 -0.4481316547233422 -0.12138235786637089 -0.6303190559123134 -0.9482907725731647 2.7555359660965455 1.9590986535902317 1.3940038963439252 -0.19047382608208216 0.6279155135766358 0.5647648647664569 -0.2799032817900248 1.1860762970685312 -0.9701737784152341
of -0.49174634447947974 0.42855324229360886 0.6366979329857302 1.2218446564867702 0.5298555669771386 0.20892650494253517 -1.7453101155588693 -1.4782642068648948 1.738655214810122 0.8420374826900421 1.0368987502931908 0.17362084253140372 -1.8733322340137974 -0.15087567103975172 -0.2731827609161659
Kidder 1.3240613204844742 0.7775669800198756 0.4727952208750047 1.8099050477837249 -0.174971282673706 1.6328956645416601 1.2880424280271987 -0.40523230730359 -1.2519692092249817 0.6525067257544875 0.11811867193182149 -0.28215475145631963 2.276439599543502 -1.0154657901276993 0.33985197256962346
Markets 0.6275472788211194 -1.5687442212839207 -0.04062461723958496 0.4076825173748116 -0.6678419932094259 -0.6730619361527965 1.4136061488280471 -1.0892486752588502 0.8923736681639615 -0.9930314488117018 -1.256357673715061 -0.5132147085065046 0.7797513118618469 -1.7466461286163173 0.7788043043697136
offerings -0.028889145975933245 0.2950869766307176 -1.6424690457248379 0.25582988168427523 1.417765295682925 -1.4861701438306625 -1.732234316444392 2.3796308716447396 -0.27929738951236577 -0.8920458434561238 -0.27059325536572143 -0.9482828640086101 0.4810012746213652 -1.2817493045981618 0.1606385919962577
Sears -0.9936408321328262 -0.07634723686488624 0.36812837747704624 0.8563197826247915 0.5603773359385806 -0.4579154413842777 -0.2968590187931449 -0.09591296225024917 1.5214052303791739 0.25213191825269526 -1.9295284462432454 0.5735663975780552 -1.079057610928721 0.17658433640613463 -1.0138300055989697
READY -0.36631174722265886 -0.9648025684433876 0.6680967883403023 0.5024804799976249 -0.650990169435443 -0.5268496355040723 -0.22134890787263783 0.5158459791820535 -0.37887961385152924 -0.5037822345277567 2.007200363465427 0.2626387484604889 -0.3438623714087426 -1.26180094236177 0.57601868361784
listed 1.87340284890539 0.6125510699879938 0.4135321336657618 -0.4639841454695101 0.5366902305945654 -0.19738058018307733 -1.3478092136130138 -0.8251569931757338 -1.1534681059744833 -0.7035137277124999 -0.872727382361968 1.6009645366560883 1.7473011697616454 0.09813959284767079 -0.8238811984942671
Geneva 1.5269854182269902 1.082382392525016 1.5606796437171329 0.6838249281148908 0.8428076600639588 -0.4590157305470434 -0.35673812675415156 0.7340525384515405 -0.33521986961406847 -0.6007576154970591 -0.05509106052154773 -0.6682176511715766 -0.21896276191814443 -0.38842929953411004 0.5814376880563098
Annualized 0.3089571359447525 -1.688661909960049 -0.566074923274262 -1.6101647481029808 -1.387146146094878 -0.13654243265655217 -1.63123873761049 1.415983716305831 1.039931754338763 0.19437314389702448 -1.054211504413945 0.3527395134849229 0.028482034505724108 0.14847223127569742 0.48557470602925124
