<OOV> -0.1358646149525835 -3.9059789654096794E-4 4.2812882161136673E-4 -1.0131550185758247E-5 0.0011661010956975496 -1.677747991736905E-4 8.06255903164456E-5 3.1023804275308304E-5 4.240837700670073E-6 -1.6339692211658614E-4 1.6753741290192065E-4 -1.1486277318308799E-4 1.3259788277727435E-4 2.2356133092168353E-4 4.481476136310955E-5 8.752983728897464E-5 1.545409585101441E-4 -1.109963602844308E-4 -8.22056314475683E-5 1.3135462222095814E-4
, -0.1205028610356387 0.00418948869561353 7.022765945801407E-4 0.005216833540653521 -1.8056164457728405E-4 5.536701075189175E-4 -0.0015754473761028069 -5.098127608875047E-4 1.3764568096635984E-4 -8.167789741221431E-4 -1.9177226220079403E-4 -5.049483080552177E-5 1.5651428207072072E-4 2.6346399695075255E-4 -1.7438363185531852E-4 9.529988369510308E-4 -1.6279140199740755E-4 -1.0518718380630645E-4 1.308531623435605E-4 -2.1457995909218214E-4
the -0.12435523373666701 -0.004101631353514603 0.0032914807985010347 -8.053844371621135E-4 -0.0018213823240919374 -8.502810041933846E-4 -2.870079969352589E-4 -1.39182065267056E-4 3.109685846170523E-4 1.7575113675790596E-5 9.152518145960431E-4 -4.3986496601547534E-4 2.2509098702594107E-4 3.6436227455940294E-5 3.2918413732597416E-4 -7.251895899585733E-4 4.2631880601895684E-4 -2.838545133740554E-4 -1.0243591985726495E-4 -9.568910268146068E-5
. -0.12715520532502406 0.004573210437104273 -8.085333358782727E-4 0.008000603151252663 -9.008443298307117E-4 -7.670488136873759E-4 0.0013528558110437075 8.403542362162104E-4 -2.8621544322948695E-4 8.671713864936788E-4 -1.7916975766254633E-4 9.711257683056924E-6 2.4260808249456785E-4 -8.421016421703801E-5 7.763340829653312E-4 6.280532136120828E-4 -2.444972188160997E-4 -3.0191593929534564E-4 1.443168514458955E-4 -1.0286926184331407E-4
of -0.1446609031134978 0.006221208636792431 0.0026888217425411766 0.005210937043611218 0.002652654625302398 -5.005854872263278E-4 5.696031543778795E-4 -5.426497788195475E-4 -4.1581406468941287E-4 5.127179309625062E-4 0.00127329921998589 -5.357147571800203E-6 -2.551244719186233E-4 -8.132904066848817E-5 -0.001379775728243871 -3.0762838434230186E-4 -4.626825707317979E-4 1.6740498720952037E-5 -1.761754763540224E-4 -1.6598462140899337E-4
in -0.09885570893248197 -0.001601860941319838 0.0020573591770961463 4.841394152122032E-4 1.2045507231878999E-4 3.579135446662583E-4 -2.3013210256310173E-4 -2.757095764736568E-4 2.427093569849515E-4 5.6770996939764994E-5 3.9570937714074946E-4 -3.122587690192139E-4 -3.3704862614485634E-4 2.518575309029569E-4 1.9846273465840835E-4 -1.995391939210392E-4 -6.025286502104093E-4 2.81168644249163E-5 -1.5771742060497843E-4 1.7236420839450976E-4
to -0.14841292857276978 0.003005807634895954 0.009729713277199327 0.002587291916635798 3.8984192380680854E-4 6.096859596892908E-4 3.9771907766738456E-4 0.0013339406108669135 -1.135098226027816E-4 4.3904792269116027E-4 -7.282486312159439E-4 1.0087993231457262E-4 1.9727162154002808E-4 8.800107578974504E-4 2.7790298203492274E-4 -1.765995781789816E-4 1.885931408327091E-4 3.6345991848629245E-4 -2.7564456863488925E-4 -3.3501193613398345E-4
a -0.11038495916509986 -0.005846038409198958 0.004257418639705499 -0.0018310437522844824 -0.0026072159396973837 -2.264059188746433E-4 9.909103499375746E-4 -0.001491453991617015 -7.258646952286158E-5 -7.28818510329413E-4 -5.181011418902386E-6 9.431291501730707E-5 9.721970809282955E-4 -5.44794130560594E-5 3.725151361721348E-4 -2.788673470183412E-5 1.0227906923289767E-4 -4.360145944035136E-6 1.227259348939021E-4 -1.7844342903757153E-4
The -0.1582801778887163 -0.018790357150512377 -0.0071120364494422095 0.0038897036490098107 0.0011809515209344414 0.001959747397009345 -6.759693178048808E-4 8.981403454893688E-4 3.611976074888086E-4 -9.441394676801296E-4 5.255557635310244E-4 3.085746080091182E-4 2.550338743465949E-4 -3.4861366480896656E-4 -5.859236603461675E-5 -1.3317113773170887E-4 1.3018384801435692E-4 9.171364484847382E-5 -3.9697988876280926E-5 -8.298091201397004E-5
% -0.05887717297707551 -3.1328826503370966E-4 0.0017304033241094937 8.938885167868112E-4 3.973782215877191E-4 3.92137457841786E-4 1.1340125832099225E-4 -2.0718507914758795E-4 -7.430523554825084E-5 4.58237185068161E-4 3.7771450166541117E-4 3.6085069717307336E-4 -2.3594561188624736E-5 -2.801767738663757E-4 2.5002371726270847E-4 1.9828921740960598E-4 3.563703543551592E-4 -3.102500522730924E-5 3.2184376686691796E-5 1.5834617591278485E-4
and -0.09680441151722695 1.1324280964743736E-6 2.188868778295493E-4 0.0029632695032352587 -9.746867284783883E-4 4.448081562418558E-5 4.924527444471444E-4 -1.5459296238117743E-4 1.0678451413818565E-4 -3.629672546353944E-4 -1.6757435649143677E-4 2.99086521248725E-4 -6.512366611678886E-4 7.815121134746152E-5 2.9027434006678596E-4 1.662233693644097E-4 -9.758273198309183E-5 -2.1402946425053642E-4 -4.4705725239497444E-5 3.6121015647860796E-5
said -0.07073646168935628 0.01346889776502322 0.0015220058026611443 -0.0012597709920471598 -0.001957323335616237 -0.0014396970514726384 -3.007688818365665E-4 6.942315411396149E-4 -2.0024696799042974E-4 -0.001048476460926674 -1.9396867047712346E-4 1.367608163842126E-4 8.953885006627985E-6 -5.763002759890181E-4 -3.440112009045804E-4 1.4548076744733216E-4 -1.1532859399747117E-5 2.777740341668604E-5 -2.44270869067355E-5 4.326499149939726E-5
$ -0.19547846847037062 -0.01191644951820151 0.0029951102393830768 -0.004035372856797617 -3.577870716642795E-4 -0.0010137244072589728 7.648974084197779E-4 5.032796109906463E-4 -3.7535872126080304E-4 -6.539896674692878E-5 7.333713092541548E-5 -3.669978420871911E-4 4.121666588753852E-6 -1.2868390315496327E-4 -4.10745650014828E-4 4.2096328115222466E-4 1.6653787933784483E-4 -3.862527549859755E-5 -4.42378213810185E-4 1.5371000905856262E-4
'' -0.05823262409119315 -0.006699538008761656 -0.002024938119519713 7.038599259933496E-4 -0.002194123916373554 -1.69138679613981E-4 2.543132243551031E-4 1.3656778615670067E-4 2.3805060641781832E-4 -4.6117938250239357E-4 1.0875606580416228E-4 4.916414037272405E-4 -7.02398883092592E-4 7.321508563547755E-5 -3.23128931114746E-5 -1.74080851285583E-4 -5.6972764405921376E-5 -2.6025925493668673E-5 -3.6030939696437104E-5 -6.143275582092903E-5
for -0.09991315577775707 0.0013832394368600645 0.0031872370240933977 0.002065302171019476 1.138298571000767E-4 7.223692452935983E-4 -7.609668502352577E-4 -2.5866426492436795E-4 -1.9939900815192147E-5 -2.130986650039064E-4 3.3517363737279254E-5 8.298157831682947E-5 -1.4121409212315076E-4 1.913874125267396E-4 2.496024363749247E-5 1.3905795792917012E-4 -1.6268581260211898E-4 -1.3276040636381704E-5 -9.597203703223138E-5 -2.9360755544272633E-5
it -0.15062283141062974 -0.006248606535273659 0.0012977988337853881 0.0018336130927462035 -0.00587336290057866 -7.616862562940767E-4 -1.1943981717957876E-4 6.086109432772948E-4 -3.210234724932674E-4 6.308392919589244E-4 -4.32988928017555E-4 9.362698155139757E-6 6.207466046648391E-4 4.965031175559314E-4 -8.47336944543813E-4 -2.5054307293463846E-4 -1.0470941145673262E-4 1.755961299348614E-4 5.497583919207547E-4 4.35538649115171E-4
`` -0.15354324877307501 -0.008780359622067739 -0.005459915005020633 0.0012126917320200838 -0.00134552074699779 -7.073433065698671E-5 -2.59929501820146E-4 -4.780300459216224E-4 -3.5081644062237463E-4 9.379519424471415E-4 -0.0011562531039114436 -0.0014515430582606001 -1.9552287553428443E-4 -0.0012024985266244942 -1.6493408279952008E-4 5.100356941407287E-5 1.7546086511310884E-4 7.866431309948177E-5 -1.5448628211896855E-4 -1.4088014587919798E-4
that -0.09592966830908074 -2.038618444660439E-4 0.0020255094249820057 7.551992255430384E-4 -0.0016521242864531143 -4.676218620435513E-4 -5.796683969466824E-4 1.979658785607804E-5 -2.2001542150800772E-4 9.484108411668914E-5 6.808229222097875E-5 -3.8051760569222876E-5 7.067249691729382E-5 -9.785414585816423E-5 -3.183694394088396E-4 -1.6441402910794177E-4 -1.3352843079475387E-4 -1.615968180058327E-5 1.7647642212763022E-4 -1.2264510648693205E-5
's -0.12682922883687237 0.020125710809573014 -0.0026781264958703295 0.005990492005595257 0.002446625933571204 3.156679940442326E-4 3.220979825485929E-4 -3.614199760233514E-4 -3.6676760218931837E-4 -8.946178878616236E-4 -0.0014537095245197305 1.3358011684870913E-4 1.37545034759678E-4 -3.208283500189015E-4 2.505291490956378E-4 -8.438594373855418E-4 1.228095700529459E-4 -1.1888672325417896E-4 -1.0352550917948029E-4 2.61964516834971E-4
is -0.13204207851585714 0.01656091327903214 -0.006133357349303708 -0.0026023849955829474 -0.002174413110326534 0.0017157791030183223 -2.8959335098228565E-4 -7.394866837820084E-5 -9.725515053170321E-5 8.415144602568945E-5 -2.1963383310937291E-4 -8.53160944810077E-5 3.421060042155894E-4 2.60834397913727E-5 -4.5033480261961686E-4 -1.6655923318447877E-6 1.1908075972382197E-4 4.200222599067811E-5 -1.0847863538064275E-4 -1.2255431664022124E-4
on -0.07914510085904337 -0.0018417461765987016 0.0034795252732457405 -2.816475237835039E-4 -0.0017929719263958456 4.988219269341128E-4 -5.640873589758805E-6 -1.0486241478596053E-4 -1.479549385053405E-4 -4.655596900725535E-4 -3.978816110142765E-4 1.9414967215774696E-4 2.6236505277104505E-4 -1.3604612892050976E-4 1.003479906743553E-5 1.410088850769885E-4 -2.6469650144648828E-5 1.1030386667215036E-4 -3.755117208422993E-5 -1.6760939184453544E-5
year -0.1756929948338353 -4.5368688118815144E-4 5.441232269835873E-4 -0.0028772168261705523 0.0028345280165010507 -0.0010658760207545674 8.115281580649145E-5 -1.6895759588393016E-4 0.0028136106271934216 9.053621921606751E-4 -9.055791547817324E-4 9.043791885406568E-4 1.8313075525650617E-4 -3.6638189490137033E-4 -3.5811894204103507E-4 -5.7093265559193976E-5 -1.0663015968260205E-4 -8.677002673603081E-5 5.152353400658385E-5 -7.778952793784235E-5
n't -0.0478692512599157 0.001647017491757219 -0.010110606447299435 0.0038955255046687074 -0.0037429603274588964 -0.003942216097803787 -6.034876449890996E-4 -0.0011090294283553554 2.486367319295644E-4 3.14822770649674E-4 3.5786386486097953E-4 3.361745638941155E-4 1.1418647333924738E-4 6.204883364875601E-4 5.503774830074378E-4 -4.162063590593434E-5 1.070392482580459E-4 4.981691176796039E-4 -3.21471252340611E-4 -2.8209911838949792E-5
In -0.08313228754686935 -0.008385843024707882 -0.002829734574140846 0.0012156555989526487 4.438558051447245E-4 6.650710130796848E-4 -5.808429767870581E-5 4.5854910336074926E-4 3.607276734798498E-4 -2.8041039590516074E-4 3.8417335784480096E-4 1.3211325993704734E-4 -5.701818746182295E-5 -2.3036193025706186E-4 2.2063234878403563E-4 -1.4856306034748002E-4 -1.370308097175403E-4 4.899066076661947E-5 -9.67134594964267E-6 -4.973553676942861E-5
at -0.10629969540791577 -8.295955238719722E-4 0.0076806055418233 -0.0011013015236084804 2.2154117343988608E-4 0.0013183303142750328 -5.630467825441099E-4 -1.320460204967763E-4 -3.71881410600069E-4 4.00257856666754E-4 -1.107941062660109E-4 2.3275170915557555E-4 1.5122511521213216E-4 -2.691384870282569E-4 1.3517975557876042E-4 -2.154996946899303E-4 1.694954626194165E-4 1.8031970312842698E-4 -1.1355210343448861E-4 -3.365432216535995E-5
million -0.02313571982124261 0.0032605640865266076 0.0014270133996334051 0.001534044666399685 3.90651931086996E-4 4.4830372729800784E-4 -1.8152576971367673E-4 -8.077363977754948E-4 -6.554739639336495E-4 6.612649631207183E-4 4.390315198391342E-4 0.0011313980317103583 -1.6001277368009233E-4 -7.310497956431618E-4 -1.805370708125565E-4 1.9832718344544675E-4 5.963205973958287E-4 7.487022270564324E-5 1.685956398916924E-4 5.229777753121491E-6
company -0.2605357802572655 -0.0020676193298716193 -0.002779420368255824 -0.004992711151619321 0.006172716005556489 -0.0014813809717373924 2.1958971882747025E-4 2.2936774777311983E-4 -5.596684808005138E-4 -4.7011919370597906E-4 -5.4560505236082456E-5 -2.722026568848329E-4 -6.321230894873E-4 2.7806287993138934E-4 4.4412990297866615E-4 -8.389614787877127E-6 7.745826781712323E-5 3.744803024117884E-4 5.730395030823256E-4 -1.8495712616378954E-4
be -0.09815506138591845 -0.008394218916575328 -0.0025789079411430156 -0.0042265154458842845 7.037525545184478E-4 -0.0018838602578720915 -4.811320821534937E-4 5.356201122354759E-4 -0.0010581123539293439 5.471844060036148E-5 -5.778639370091376E-4 0.0011168303356669425 3.669556899570898E-4 -4.482738015869944E-5 -7.126785574766048E-5 1.905840984063362E-4 -3.1413930921489686E-4 -1.2092582013571047E-4 -2.7394170743582036E-4 1.269778583843174E-4
as -0.041268243179849735 9.78840511704783E-4 0.001138691979608266 7.648280407271514E-5 1.1818763159810162E-5 7.560936195341496E-4 -3.114486645288561E-4 -8.002240386061894E-4 -4.8819636330997925E-4 6.177285102946439E-4 2.321395665453054E-4 7.604340630366936E-4 -5.345789829539648E-4 -5.304678147563582E-4 5.261169821728749E-4 -1.6194072295449056E-4 -3.4575452591282126E-5 2.012380142523436E-5 6.926840294601773E-5 1.176603236781381E-4
he -0.0841030654498807 0.0031224094505460155 0.0013874130734471927 -2.2094251507957682E-4 -8.482564657208489E-4 -5.955980267768869E-4 -2.3557483563938015E-4 3.455798557676648E-4 -1.112270845258516E-4 5.976697674838547E-4 3.468733303564307E-4 -3.103756913393666E-5 7.838926652518157E-5 -6.759770321639581E-5 2.8090154381842325E-4 -1.1922890479690025E-4 -2.2207812194650342E-4 -1.698968064045391E-4 1.9557313740076293E-4 -1.669673186545564E-4
which -0.10831192977900245 -0.008986337504089623 -3.658574734169338E-4 5.522777940032005E-5 -0.005550147442192087 -1.6684483594854826E-4 0.0010454511611991128 1.9845073699626566E-4 7.795906687467422E-5 -6.628039341284008E-4 -3.2203039559977245E-4 3.3488929260081445E-4 -0.001260050510807567 2.6394249741276866E-4 -3.990630761485775E-4 -9.954035494511441E-5 4.883900567942797E-4 -2.506002689405587E-4 3.577391434341328E-5 -7.923494999535762E-5
was -0.15409844103767464 0.015654387806111197 -0.005590099616037017 -0.0035464926327418325 -0.0025043409364581964 0.002326611316844197 5.262177115995595E-4 6.963868765524114E-5 2.0061046709847548E-4 8.243790788437657E-5 3.0433455831868747E-4 2.806351837292917E-4 -7.079720534355494E-5 4.479828449861218E-4 2.1844883501668873E-4 2.0541228517746838E-5 4.2251325895252075E-5 1.7321908721058453E-5 1.5730903399504167E-5 4.699823097720989E-5
by -0.0450772336184029 -7.433319247003763E-4 0.005090256488063695 5.868968753088587E-5 2.229082757458924E-4 7.895528112455629E-4 -5.727587780717736E-4 3.0569759721515576E-4 4.665246445909739E-5 7.550150570018212E-7 -2.3437252645103183E-4 2.576647557288738E-4 -5.7405082717273816E-5 2.0267666605556237E-4 1.8431178576185854E-4 -1.428246614305567E-4 1.6417592883180045E-4 7.989167063845074E-5 -1.3097947586729664E-4 -9.276448273166083E-5
But -0.10732078786321352 -0.007359333534774065 -0.0036456993165958156 0.0021078100737425493 1.0830772539932692E-4 3.4373780477902445E-4 -1.4221566965992276E-4 5.350877371542676E-4 1.775243531661454E-4 -6.826716346181116E-5 1.835835574142377E-4 -2.078815449352429E-4 1.289656419676932E-4 -5.752363264894404E-4 1.5150928443168992E-5 -2.2536765068824614E-5 -1.1236045810120667E-4 1.4908167351427844E-4 7.091991038172898E-5 -1.0126605250513376E-4
with -0.11299075958951169 -0.0029833981582908205 0.005014095417550053 -0.0010374709208482084 -9.83453903245924E-4 0.0012903451569456798 -4.7345616284086327E-4 -2.5663488212041377E-4 -2.9417505227483743E-4 6.07394924387117E-4 -5.634375448316156E-6 3.307375882095506E-5 -3.8519992969049665E-4 -1.559804676075308E-4 4.828437992715672E-4 1.0526424689949846E-4 -2.0527022153720464E-4 1.6229115432346138E-4 -6.241362080136598E-5 1.8056607373746663E-4
: -0.05918672533005727 -9.020473069217137E-4 5.880606692858578E-4 0.0014414529654128499 -4.178164348600731E-4 -1.1094498448718653E-4 6.098255570938316E-5 -7.886635786381986E-5 2.8390573475435684E-4 -2.332627543074065E-4 3.796406795074413E-4 2.1921764672047295E-4 -2.2547672429872775E-4 1.6697040372904008E-5 1.3158360462649053E-4 -2.046112584743527E-4 -2.8303882765655304E-4 4.04257314598007E-5 -7.887568280781965E-5 1.5708964366768188E-4
they -0.12102817905014714 0.0013362343490598795 0.0010316353179328198 -4.4496627831292027E-4 -0.0010939839216089645 -6.215004074298456E-4 -0.0021616399274496253 2.4185966917332185E-4 4.039498561539863E-6 1.973070211940514E-4 8.253805987655504E-5 -3.241194376123436E-4 -8.343570855999738E-5 2.478555607791359E-4 2.474383861784401E-4 -5.404403180742526E-4 -5.845386029579403E-5 -4.1678450840800554E-4 1.4390243949049557E-4 -6.725043257906433E-5
says -0.08204020171397497 0.01989322443495361 0.0038742708733549153 -0.0037262427121615488 -0.0019287108667063704 -0.0023673502693732987 -3.607708651827214E-4 0.0011149128516884151 1.7486469893586632E-4 -5.763924605940124E-4 7.693324342336313E-4 -7.220606995800348E-5 -6.84547532953602E-5 -9.855125426783823E-4 3.3030784274351447E-4 2.4093130537948998E-4 -1.4750736444885815E-4 6.187553514639193E-5 -5.462998399325586E-5 2.4488486307100743E-5
from -0.1378237406352118 -0.005911311463165052 0.001819623254644532 -0.0014468661170906685 -0.002147004221155557 0.0012935005928380395 -4.026356632454211E-4 -8.118145014215273E-4 1.3721087201568427E-4 -2.6875664418676886E-4 -2.325397072429006E-4 -9.721194334431106E-5 -5.829763562820109E-4 -1.4204881358667436E-4 2.670035540643471E-4 1.310286108847503E-4 -4.0433194705843944E-4 1.6771585972305328E-4 2.399812034021399E-5 1.3846447588844604E-4
market -0.17819143641541402 0.003797815791375061 4.946803380974509E-5 8.128772781007511E-4 0.0040951646166716245 -8.115006429776369E-4 5.2022742111526E-4 -5.060849950346861E-4 -5.177239596232588E-4 -2.5466498677415006E-4 9.42583158683202E-5 2.1300022331816463E-4 -1.8144355856820795E-4 1.8396205470220977E-4 -5.989830483689622E-4 -7.49984936481664E-5 2.7227677023015106E-5 1.792563315820415E-5 4.6304539735194075E-5 -7.561064624664012E-5
an -0.0749098049748169 -0.0023893777604606804 0.002418956636852295 -9.512319794923373E-4 -0.001353426294111208 -7.140857863723969E-4 6.579484010111424E-4 -9.198100925353258E-4 -1.4161982298457578E-4 -3.092035621189815E-4 3.855611364480569E-4 6.069837934322844E-6 7.567957597995961E-4 -2.6116622496188594E-4 1.2977331610950534E-4 -1.7678328681020245E-4 1.8976371392638057E-4 -1.0111685264201056E-4 1.013244735672902E-4 -2.002687926504188E-4
this -0.03805169836885896 -8.83022607670036E-4 0.0010236667308857884 -1.02516577058395E-4 -1.2049246945769406E-4 -2.8314922359487375E-4 -3.9194059612987145E-4 8.177833550156701E-5 8.915707958067217E-5 -7.232220894183417E-5 2.7585927057211136E-4 -1.5926993936757211E-4 9.287970827876588E-5 2.5621391700181013E-5 6.516327653081413E-5 -1.6179274981677867E-4 1.3025782592226672E-4 -1.331341760088024E-4 -5.63159189417172E-5 -1.3592145652024519E-5
more -0.08914041142161289 -0.00463536559946989 0.0028792081884568377 -0.001406705001799664 -1.5475585300234163E-4 5.423638192178972E-4 7.97359954872529E-4 -0.0011524466725366576 2.5138375182155243E-4 -6.555183110041418E-4 -1.5687867375935438E-4 -2.1618312906330225E-4 5.041453167030056E-4 2.921472591090212E-5 9.76691442784518E-5 1.8500298846994717E-4 -5.866917748047939E-4 -3.7486013955987224E-5 -1.940495232752324E-5 6.0404575364689947E-5
have -0.08929321425085303 -0.0049663745071689795 -0.0068150998848371626 -0.00473819671212563 0.0019744049187660644 3.0458362437086917E-4 -4.1320284298178886E-4 -2.3690375550727128E-4 -0.0011220711785255861 4.7447615222939124E-4 -3.153975051026344E-4 4.346005271828496E-4 2.732613399270914E-4 4.6940351954545697E-4 9.233032297519729E-5 -4.7519587606078646E-5 -2.3141231393514317E-4 -4.182828375802751E-4 -1.2623132742806072E-4 -1.453465137705818E-4
years -0.10311871111868305 9.401702897155343E-4 0.0011383050119804304 0.0014827895350757138 7.615702853618131E-4 2.0094013135219655E-4 -9.197910102799298E-4 -2.4346296029132528E-4 2.9946474153569444E-4 8.827007350770372E-5 2.8270245696853465E-4 1.0178857463801656E-5 8.984219615833695E-5 3.8121436222705976E-4 -2.1401550632589448E-4 7.892224986176614E-4 5.802154138113225E-4 -1.276759007494153E-4 -3.234716252105126E-5 1.1972757355882306E-4
than -0.17301920401984586 0.0028707182513071144 5.947401037495668E-4 -1.9348880125838857E-4 0.0041131798743368414 -7.906974458979207E-4 1.872731777259689E-4 -4.250680608881799E-4 4.2193384218204403E-4 1.358709625034576E-4 2.2014165598579425E-4 -8.826573365213402E-4 -1.289836496426685E-4 4.7012401079431785E-4 1.9938734745451718E-4 1.8984323586965487E-4 3.868664024821469E-4 -1.0290672627497437E-4 -3.430439262874368E-5 4.3515339796401604E-4
share -0.040155238554662076 -0.0017088928405399777 9.87704076295103E-5 -5.378926996135373E-4 3.53294736034623E-4 -4.203146915985428E-4 -2.7772202525171358E-5 2.6694712111678144E-4 9.528072553569936E-5 -1.031700783979928E-5 -1.404135138657167E-4 2.0054792639946973E-4 1.0961850028608735E-5 -4.805379407696922E-5 -9.384962127277661E-5 2.7420818812686123E-5 3.255318733646066E-5 -3.593413593972493E-5 -5.2471272813070135E-5 1.0451145909509648E-4
& -0.02670442887198814 8.932223190505174E-4 5.318155972147163E-4 7.39769419318672E-4 6.449638145144343E-4 1.6923346784206123E-4 -2.3896868799846947E-4 -1.6057486327741E-4 8.432170241571826E-5 -1.595432884504523E-4 -8.930708416924497E-6 -7.168988839540165E-5 1.3739086647436015E-5 -1.0135153388448333E-5 -6.1353150344264E-5 -8.668821334359338E-5 1.4996069115007766E-4 -1.6352135757586137E-5 -4.025520117514062E-5 5.578379945385355E-5
It -0.061897516649586315 -0.006728326882710222 -0.003084268314250782 0.002148253468065371 0.0023185145662753424 0.0011381733136743375 2.896648454429635E-4 8.36242682679166E-4 -1.3526537370975761E-5 -2.2584531946839742E-4 7.317196663927304E-4 2.5873179080621446E-4 9.089192870646632E-4 -2.3660079155307217E-4 2.3604110651493824E-4 -1.149843451325132E-4 9.069830177338676E-5 6.784906979191606E-5 -1.0690059473868219E-5 2.793748145753092E-4
but -0.05529296607064243 -0.0020938451333051616 -9.182994906440679E-4 0.001323314306053421 -6.678997859434025E-4 -1.988986670280269E-4 9.979641280697341E-4 4.5903388873633737E-4 -3.635869192053856E-6 4.764261128946952E-4 2.84645723135491E-4 -3.235722533567785E-5 -1.8613079091689416E-4 -1.6171959797231584E-4 4.744772707782228E-4 1.1627196172529414E-5 -1.241852616035304E-4 -1.4926504365001008E-4 1.2605735717156494E-5 -4.415914674611137E-6
will -0.1642004354185906 0.013476690529556943 -0.0063461811015580495 -0.004220377660840338 -0.002469289148101141 0.002415327549876404 5.882267446962226E-4 1.494736414817E-4 2.2329887207421745E-4 4.82242746739627E-4 6.066340607860027E-4 -2.4564248106109256E-4 1.1504762470862452E-4 1.679086034773142E-4 -1.1642775539562407E-4 1.0337085697839757E-4 -3.5360849308963713E-5 6.508977722073364E-5 -3.634001079224085E-5 -4.835679886923388E-5
