<OOV> 0.030580559861314173 -0.04852019202412181 0.040355502041835294 0.0032080175962481633 -0.003482784552633017 -0.004900668132646552 0.009017412305944663 0.014053139366613522 0.02190591708644598 0.003718315930015406 -2.245118763413428E-4 -2.3826530393376968E-4 -1.7105694144590147E-49 -4.105366594701609E-48 -3.079024946026196E-48
, -0.013344011296810144 0.03968168423573849 -0.04412074048642621 0.10999968293861569 -0.004395353590935458 -0.002311400848924699 0.003262033760813382 0.0018540899625980242 0.0030366841915069926 -1.1241991744349288E-4 -4.8558314470982605E-5 -1.669384830814458E-5 -2.138211768073764E-50 2.9657355200616124E-64 -3.4211388289179998E-49
. -0.0034470414015269507 0.01043670132745863 -0.009544413138422372 -0.003982056481220901 0.0010881501360481612 0.002333305514508167 -0.010306825262406012 -0.04109953791754715 0.011715644510550391 -6.972034777358824E-4 -7.759986149461313E-5 -3.121698937347427E-5 -6.842277657836022E-49 3.4211388289180165E-49 2.0526832973508078E-48
MORTGAGE 1.768566910929195E-18 -3.0276894926894517E-18 -5.680174953222475E-18 -1.2688915961246507E-17 -7.100783435924464E-18 2.7759717367993892E-18 -1.0923595893801717E-18 -3.887052256546854E-18 -2.407508690743242E-18 -1.7530773096679065E-18 7.187532029915797E-20 2.399532413502329E-20 -4.274740965903403E-18 8.633287655055678E-18 1.3999744934452295E-17
Drexel -2.278256448336859E-19 3.5461564772185475E-19 7.7066408717050285E-19 1.456059764545961E-18 -9.630451003244894E-18 9.288876615508273E-19 -1.6152784649342282E-18 1.3760639275016508E-18 1.863987499598185E-18 -1.8140670595245793E-19 -2.6195033333503195E-20 -7.225734282595911E-21 1.6833313411290607E-17 1.0576323658165217E-17 -2.4761940489556603E-19
by -0.02117359279700018 0.045331107959812336 -0.042205366414659364 -0.018090242088497525 0.013626603023535034 0.0714332622432953 0.00949531756532031 0.005824330294785228 0.005132645049200077 4.224956780955344E-5 -2.2744823951432654E-5 -1.0991636684833787E-5 4.276423536147513E-50 -7.697562365065522E-49 -1.7105694144590033E-49
equaling -9.170381741261444E-21 2.0468851195103884E-20 2.2483584268175048E-20 6.698898393473951E-20 1.3016248126362753E-18 1.5235983032620084E-19 -3.1941022783836424E-18 -5.629466871889895E-18 -2.28561597965403E-18 -7.997673099373839E-18 6.790974227999406E-20 3.299665006145437E-20 -5.697183371709475E-18 1.5022830182719033E-17 -9.42747956203951E-18
% -1.0931677502806492E-19 1.7794352646320374E-19 3.5931651387519663E-19 6.997243889079512E-19 -2.580378887143936E-18 9.078813458751298E-19 -2.9118358433338423E-18 3.1364570672783625E-18 -2.7795366199294553E-18 4.882649987806134E-18 -3.7726059859107335E-20 -2.766621089498431E-21 1.0496197173625048E-17 -5.442801628317791E-18 -5.98495400240644E-20
Mac -7.029176825732708E-21 1.2466026503741762E-20 2.264784923721236E-20 1.222864463730827E-20 -2.748719217782863E-19 9.34905537081249E-19 6.522986839518596E-18 3.4564897000911687E-18 1.0890225743510504E-18 1.7639868595127284E-18 1.083040835409749E-20 -1.0874873436673843E-20 8.73179849456688E-19 1.8176935306329323E-18 1.26166213638544E-17
: -0.009174325001414449 0.016820574160749013 -0.013866237688609147 -0.0026691252552528784 0.0018068031233099986 0.003305224466574981 -0.0543126542799795 0.01284298174928876 0.004238160735888976 -8.08275773676298E-5 -2.2949276672304916E-5 -7.603384315711088E-6 7.020909732927549E-65 -8.552847072295026E-49 6.842277657836016E-49
Systems -1.402430754227806E-23 2.787837400908944E-23 3.9554749088091794E-23 1.2047442762523386E-22 1.2545096061548753E-21 -3.2965440050070955E-22 -4.0543931508578906E-21 -8.357960902147457E-21 -5.6686790000378015E-21 -1.7640883325530287E-21 2.681422966116026E-19 -3.168293748421772E-20 1.1658830304050852E-19 5.723783204262032E-20 -4.421388914751929E-19
Posted -4.243649509600567E-23 7.376162729027681E-23 1.3429777209953849E-22 2.970805878536161E-22 4.0752438585949227E-22 1.1732898991962038E-22 -1.1757471245132587E-21 -1.248110981592964E-21 6.60202137986295E-22 -4.8490459056351705E-22 1.3138978307850004E-20 -1.998732737841153E-19 -3.907621832054613E-20 1.7431860942260018E-19 8.542359988951459E-19
Burnham -1.308023877283602E-34 2.2460880486326585E-34 4.211237210205049E-34 9.640698220903354E-34 8.604445340587994E-34 -5.9609220105470346E-34 3.917456443265965E-33 1.1226133572525542E-33 -5.447975569179536E-34 -2.5896078784911945E-35 -3.8619133254366564E-35 -7.846529229169305E-34 -8.538921602417809E-34 1.7257990803302693E-33 1.7853556893091095E-32
mortgages -0.19536041071769172 -0.05555697203252349 0.021141120048302573 0.005961857257214203 -0.0071054814225745755 0.004191326126461286 -4.180253102848601E-4 -8.268967837314034E-4 -1.7438845276052394E-4 0.0023111855566077394 -7.432583353810641E-5 -3.7627713596448942E-6 5.559350596991767E-49 5.986992950606518E-49 -1.282927060844254E-49
rate -0.027315663384322314 0.12470266724868904 0.11210117327294479 0.0036009113631251225 -0.0010002751419468502 -4.7537180057966136E-4 9.180585017565362E-4 3.8763016523153286E-4 7.236601060781659E-4 6.525779855596766E-5 -1.3454602075980579E-5 -3.4701549362874405E-6 -2.565854121688508E-49 2.99349647530326E-49 -9.62195295633188E-50
Telerate 2.229103858829651E-35 -3.7782865646472235E-35 -7.197824533843286E-35 -1.6138815206744636E-34 -1.390665238583468E-35 9.43175758318552E-35 5.084881149965228E-34 -4.103569169635863E-34 -1.366686124508177E-34 -5.157433818985012E-34 -1.439643444310608E-35 -1.3353529523164907E-35 -7.763984436159595E-34 3.914085685837319E-34 -5.734063081023098E-34
yields 8.439730114810755E-36 -1.5652206994027685E-35 -2.3908213177973053E-35 -1.7195604951774253E-35 1.0858049271978125E-35 -9.099469676754066E-34 1.0025397401118986E-33 3.5871359917573017E-34 -7.92833818357216E-34 -2.409144312960707E-34 -9.42935126274322E-37 3.655880949431725E-34 -2.325821388541961E-33 -3.4049134432671266E-33 1.7329352750640792E-32
LYNCH 2.2305704451468802E-35 -3.8932093893491815E-35 -7.095450546929442E-35 -1.6832375480090969E-34 -3.510777723632809E-34 1.517707000592475E-34 -1.3458548065559656E-35 -1.985101610730831E-34 -2.2435347020166143E-34 -1.970585358723292E-34 -1.2456673955778278E-35 -2.819488269828926E-35 -4.216808188905929E-34 3.4626904995341326E-34 -3.0163621356599387E-33
triple-A -6.353656897050845E-36 1.1181797504680819E-35 1.9923160135032993E-35 3.943445422094586E-35 4.6933613353572626E-35 1.4262233611377862E-34 3.5773519467886525E-34 3.6069419777158406E-34 3.6269767181998585E-34 -6.554316352156467E-34 4.667115503658288E-36 -1.5486558102245648E-34 3.312894217823838E-34 8.011159632595938E-34 1.530263443998497E-33
CORP -0.04618031257635734 0.04013939974735059 -0.04084592511123786 -0.018583587459561023 0.041751628415178696 -0.028879607951035585 0.006314370607965436 0.0043638060489088115 0.005611601239750294 -0.002407190198322629 0.0011983523767702068 -1.8435071535904897E-4 -1.1385977664992753E-47 -2.394797180242604E-48 -5.730407538437655E-48
ASSOCIATION -0.02481364137415162 0.04298230615414089 -0.041343731556228426 -0.01894094072446958 0.0379030074390812 -0.02542149166434719 0.004840473836476349 0.002655656158949579 0.001430564110832289 0.0053630785846379035 -0.0013198243507350936 1.7612678901745538E-4 1.2316099784104838E-47 2.736911063134405E-48 5.473822126268805E-48
percent 8.636337734432238E-52 -1.3334333038309444E-51 -2.94903776001455E-51 -5.416861641850103E-51 4.1312003477838894E-50 -5.23547269111944E-51 -5.732788646777897E-50 7.670285964814359E-50 -3.8044654626224827E-50 5.177412672044108E-50 3.654320133642389E-51 -5.0473857991395724E-51 -1.410266708415505E-49 -3.0916021574523562E-49 4.6963027822832135E-49
manager 1.1369910527401728E-51 -1.910305364353354E-51 -3.672104917300522E-51 -7.486059545881147E-51 1.0273714690477428E-50 -8.620630571709925E-51 1.3531304754305155E-50 4.513131581608171E-50 -4.857245014749535E-50 -1.5784274831485162E-50 -6.324632071516428E-51 4.916364720581315E-51 -1.2229773364593196E-49 -2.0397340397856014E-49 -5.557471110319533E-50
Bonds 6.623781558307977E-52 -1.060293323188564E-51 -2.207014883774138E-51 -4.5642842604212873E-51 1.7295859058747304E-50 2.377612848036835E-51 2.9567626222892806E-50 -1.7362634666800844E-50 3.2067805590656276E-50 1.196717761808726E-51 -2.4536947417002063E-51 -2.8248591614687155E-51 7.1892232048657175E-50 1.278388542385541E-49 -1.3250030595596417E-49
change -1.2015881645926574E-66 1.9808647984957718E-66 3.9414932576962403E-66 8.06603877879994E-66 -1.964984762834E-65 4.155197922910018E-66 1.2220351279414108E-65 -3.8764049698655E-65 2.179145316193464E-65 -1.7111209044615095E-65 3.843542374164534E-67 1.2244563018309863E-66 7.149760188340542E-65 1.3891488731946977E-64 -1.4243057266121337E-64
five-cent -3.8212932658982765E-67 5.827513578472922E-67 1.3082714576205503E-66 2.47395749623494E-66 -1.8965760167663462E-65 -1.1712824139949479E-68 -4.945133711656261E-66 -1.0041956287730058E-65 -1.4575393782565109E-65 -7.460018997412942E-66 4.660932972519474E-67 1.8711263631507094E-66 -1.6906053572669873E-65 -2.9843714694504075E-65 1.5019373419058648E-65
where 1.1043719383684274E-67 -2.011662289077461E-67 -3.409705926273639E-67 -8.309269615173515E-67 -3.8439616392546087E-66 1.3721734464469023E-67 -1.742607051212673E-66 -5.936107944477278E-67 -4.4765742928381263E-66 1.2455761510869933E-66 -4.609753912148504E-68 5.368419242227958E-67 -8.999773883068307E-66 -2.109959729790497E-65 3.424822914209991E-65
Commodities 3.595321470340671E-82 -6.021210284944159E-82 -1.1663727014028698E-81 -2.4723076416953823E-81 2.780129272304206E-81 -6.007379527756214E-82 6.901689263786168E-81 -1.2017339888471774E-81 3.430504020071869E-81 -1.5822252602949693E-80 -2.5758288271714054E-82 -1.937636697539538E-82 4.00598182878276E-81 2.971535420530882E-80 -2.300798028399061E-80
adjustable -1.2880062052396245E-82 2.1227245083658755E-82 4.2175759901513695E-82 8.711329383477387E-82 -1.9998603600656806E-81 2.8200178459392666E-82 -2.4670338671399593E-81 -8.190040998750975E-83 -2.75768551593021E-81 6.21419332115073E-81 2.6524489442354337E-82 2.7027627779325442E-83 -4.319427943132484E-81 -1.517227862713975E-80 1.158149171276019E-80
capital 4.513161619398648E-83 -7.81532493406796E-83 -1.4354490935008387E-82 -3.295329974095362E-82 -4.842030662729351E-82 1.523888754078738E-82 1.6174088218234168E-81 -7.290183396515486E-82 -4.679579471635066E-82 -1.4848937935150142E-81 9.90436541967871E-83 -2.1386065046793868E-82 -1.5834665125807857E-81 2.411920371630732E-81 -4.514298389934523E-81
calculated 3.6303312664061035E-98 -6.340949931166422E-98 -1.1482981260012271E-97 -2.720917344841849E-97 -5.981337132003312E-97 2.364048621589367E-97 1.9057539861736874E-96 -8.879041751011012E-97 -5.631786911826697E-97 -1.2190349209342807E-96 1.47837621843525E-97 -2.826535504736945E-97 -1.927773893162361E-96 2.6594399012815455E-96 -6.422451619157087E-96
syndicate -8.782089167407876E-99 1.4913594798174797E-98 2.8398142952838703E-98 6.28054940866126E-98 3.6406095070718763E-100 -1.3882250264940318E-98 1.6480788868677685E-97 8.474132888046645E-98 7.758573079764895E-98 -8.431986921043989E-98 6.739642332232598E-100 1.851137258349029E-98 1.3249599797258146E-97 -1.5697253183825605E-97 2.222132672983957E-97
of -0.003336207756205978 0.00993351042291924 -0.008432115571831699 -0.002383202439597424 8.085633512462368E-4 0.0011676864285184451 -0.001982146222416629 -0.0026520715594288936 -0.007239306167831864 -0.0010257494035337874 -5.078066663427135E-4 -8.627882173192365E-4 6.024411656547805E-48 -6.072521421329454E-48 -1.2166424960339624E-47
Kidder 0.0 0.0 0.0 0.0 0.0 0.0 0.0 0.0 0.0 0.0 0.0 0.0 0.0 0.0 0.0
Markets 0.0 0.0 0.0 0.0 0.0 0.0 0.0 0.0 0.0 0.0 0.0 0.0 0.0 0.0 0.0
offerings 0.0 0.0 0.0 0.0 0.0 0.0 0.0 0.0 0.0 0.0 0.0 0.0 0.0 0.0 0.0
Sears 0.0 0.0 0.0 0.0 0.0 0.0 0.0 0.0 0.0 0.0 0.0 0.0 0.0 0.0 0.0
READY -0.026158655939424454 0.058242170835868225 -0.05656818254753408 -0.0319070282858701 -0.07208941506702755 -0.016703520816537937 0.0060153242098983034 0.004222433328980305 0.004150042494549634 2.607887529851821E-5 -2.0028239098565974E-5 -9.624530866693539E-6 -3.848781182532762E-49 -1.368455531567204E-48 8.552847072295055E-50
listed 0.0 0.0 0.0 0.0 0.0 0.0 0.0 0.0 0.0 0.0 0.0 0.0 0.0 0.0 0.0
Geneva -0.01915933426729888 -0.010072426337058162 0.005448170880173265 -0.0021280293414657394 0.0038204688236769353 -0.004081864977534574 0.0030861089827347236 0.004565230063363837 0.004002288547901414 -0.018529398499404385 -5.607107452550667E-4 7.566491923542495E-5 5.815936009160618E-48 -2.0526832973508075E-48 4.789594360485211E-48
Annualized 0.0 0.0 0.0 0.0 0.0 0.0 0.0 0.0 0.0 0.0 0.0 0.0 0.0 0.0 0.0
