<OOV> -0.28856044253436663 0.0055154729028026855 -0.007804267590420246 0.0075325087831350605 -0.0047131219897630465 -2.1094776600204243E-4 4.3392086012128156E-4 -9.483850192312889E-4 -0.0014560539383571469 -0.0015283495499971702 2.21608572197946E-4 -5.149020997019622E-4 2.8543346263004384E-4 -6.418568765847194E-6 6.761527702655013E-5 2.4174260073158653E-5 7.227477753541608E-4 1.8105037031109674E-4 -3.490138131160927E-5 -1.3953052292269143E-5
, -0.303281874098694 -1.0532214938235556E-4 -0.012457248816675934 0.008883853520267026 9.567256670879084E-4 -1.322303704799165E-4 -0.001427944091016443 -5.785763525932023E-4 -4.244518162634279E-4 1.4172950684535274E-4 -2.7271171559567963E-4 0.0011033360699435558 -1.1576175131741095E-4 5.34929086767886E-4 -4.6590319390141965E-5 4.7169947509298244E-4 -9.271333616606049E-4 -3.4118469478447606E-4 3.641917372831587E-4 9.109036453549779E-5
the -0.002903975385224226 4.682414176513643E-4 1.3548466210498952E-4 1.7595141323333233E-4 0.0018927898257439118 -0.003257602798816951 3.3710651344332615E-4 -7.735928236102686E-4 -3.37379664502886E-4 -3.791209284609267E-4 9.762149301149092E-5 -9.195734790395512E-5 -6.164500377284926E-4 -2.6475580346477112E-5 -3.6500810917958025E-4 -1.1715959231164755E-4 1.7337850049126504E-4 -3.1299041442089425E-5 -6.459344578844447E-5 -8.251969437825353E-5
. -0.06113901433916547 0.004261262676386208 -0.004743817426178601 0.010447941074244375 0.0037871231815599497 0.002492526544634674 0.0026521575803900945 0.0013940807915494072 -2.0763716232225567E-4 1.990869562894513E-4 -6.847626925293516E-4 -2.956481244160114E-4 -6.617744490148228E-4 2.5658590208779746E-4 1.100954595057451E-4 -7.337705124403832E-5 4.022937132738871E-4 7.227691296159547E-5 -4.633925650331286E-5 -3.966344446688534E-5
to -0.056899795674989165 0.010906299629065103 0.0035523309539012204 -0.0017548107578438598 5.095050861860154E-4 2.2787122697140054E-4 -2.739300702970901E-4 -4.4340645434202237E-4 5.509623280174457E-6 -9.963750772402232E-4 -3.1652355518619706E-5 -3.5634407904861816E-4 -7.412583917171462E-4 1.2734568833098364E-4 4.744819246207401E-5 -2.3673675538385598E-4 -9.35644754486887E-5 -2.072297644161839E-4 -1.8065493798919026E-4 3.204310738674341E-5
of -0.07705187364848823 0.014122715776494802 0.005192107601564156 -0.0020824663599501958 6.978202763033977E-5 -2.1051580693278276E-4 -6.866228711484419E-4 9.807348601820656E-4 -2.5420357130181385E-4 -3.3215496043919137E-4 -6.654651983236117E-4 6.104617448439141E-5 -4.929761354475285E-4 -1.6809593744416892E-4 -0.0010314191832942997 1.7219095996198698E-4 2.7928577851891014E-4 -1.919613651669499E-4 7.692106894954981E-5 -1.1478039807183222E-4
a -0.00498864447570848 0.001106062619659126 4.0659699143321575E-4 9.056005573465727E-5 7.324348291286525E-4 -8.191224591712281E-4 1.7732103320936197E-4 -2.7043552217100974E-4 -2.9554152575676613E-5 -2.6766168264012236E-4 -2.0864316951152274E-4 -7.698041804088575E-5 -1.6199265428509487E-4 -2.7744150651223888E-5 7.097261213198308E-5 -5.1487360048508244E-5 5.068157389185338E-5 -3.592308907488524E-5 -2.812062714820752E-5 -2.79530199863519E-5
in -0.05114160284185191 0.0077975845163447575 0.0029362065555151315 -0.0011279733753493918 1.2463286882897768E-4 -1.3417801819879012E-4 -3.687446495891949E-4 7.537173954287625E-4 -6.683571662497509E-4 6.166985382851493E-4 8.265857902283433E-4 6.629266761795325E-5 -7.470882038038278E-5 -3.9411748973178733E-4 4.7478606875931786E-5 3.1217041319522046E-4 2.739668788604269E-4 -3.8662610054367077E-4 9.634450858887274E-5 7.965966496972436E-5
and -0.1725715902523045 0.002444172677743062 -0.004322032973930689 0.0012765788418443432 1.8026767048660007E-4 -3.116055096928385E-4 -0.0015540527145873112 2.7565932847341534E-4 8.807036031959631E-4 6.414740162884716E-4 9.485722588006058E-5 1.2454259526001354E-4 -9.238337751088564E-4 -0.0010654715216396 4.975950653719207E-4 -1.1538879582151738E-4 3.092288083986834E-4 1.4487180070378512E-4 -1.2221403198664347E-4 -1.453344698553778E-4
's -0.08556118454154758 0.006560169440278734 0.0023534364913383177 0.0015192563075096502 0.003767783394228893 -0.003544479956053394 0.0010504795773083851 -5.80708180965847E-4 -1.0368861799168827E-4 -7.5216453342615E-4 5.339584567748543E-4 -5.184921066432606E-4 2.6948967888592895E-4 -1.1897849738556437E-4 1.9181488718594044E-4 4.697739834572031E-5 -1.4796589390514469E-5 1.3536367759143218E-4 5.6859407436446945E-5 8.719063749830803E-5
that -0.17470103199668893 0.0019452489745767892 -0.009651698156371725 -0.0034284246667131858 0.0010929991981703732 3.0046806447345465E-4 -2.096372424377851E-6 -1.253791387215325E-4 -0.0010733478358604842 6.617495849461964E-4 -6.613580449282856E-4 -7.64515269138028E-5 4.574921835315115E-4 -3.344954147188187E-4 -5.973766928964714E-4 -0.0010348934348072 -2.481024961878729E-4 -2.528389375898306E-4 -4.3960583384352914E-4 -2.3495843828397154E-4
for -0.08649779983632314 0.013071093334120997 0.004360610351616073 -0.0012939751928938592 -3.7574565968870446E-5 5.3814221484685684E-5 -6.30543912184972E-4 6.367227712602255E-4 -4.100629659514406E-4 9.308258687873836E-5 -2.1051385891374718E-4 3.1345665617116134E-4 -2.5581521390859776E-4 -3.443313830906099E-5 -6.0239185308727E-4 1.8171018308702307E-4 5.8086407289373085E-5 6.886222065533125E-5 -5.296274574861106E-5 1.561663572060464E-5
$ -0.004589869650659699 5.83586141776509E-4 4.993373023641457E-4 -2.853554006248185E-4 4.774874432177798E-5 3.568650201523911E-5 1.810113300255036E-4 2.463961299995272E-6 5.28341752075783E-5 1.6365496343874713E-5 1.8732971353496396E-5 -9.452599832614283E-5 1.9215664605974189E-4 -1.325912496099519E-4 5.3827889571062135E-5 8.49077727559996E-5 -7.63724934258553E-5 1.3086310080072497E-4 1.131581574241553E-4 -4.389164315358903E-5
% -0.23679722681019816 -0.028052894206853113 0.019992611593008035 4.8721397668349034E-4 -4.7871748113796685E-4 -2.399870893952656E-4 -5.50515541865763E-4 -1.707604247877026E-5 -5.689505533001866E-4 0.0011351338251378215 -9.598140662725073E-4 -0.0017257934748225174 -4.73937087397234E-4 5.308935917923413E-4 -3.0437104053769576E-4 1.3524681356752978E-4 -2.4560124924170257E-5 7.040733603075088E-5 -2.8439873915301575E-5 3.878101005022328E-5
is -0.1316414154364889 0.005765310448370627 0.006480777096648143 1.7471515238752028E-4 -3.2276452534471235E-4 -1.5963637449575125E-4 -1.5188673822491469E-4 -5.508435774396315E-4 0.0011527904246913176 5.9684355884491E-4 6.522733366624964E-4 0.0013587865769001265 -0.0014028089580295818 5.304236034968591E-4 5.776289989778182E-4 -7.184867018657398E-5 4.26009711267638E-4 4.10133833127053E-5 -2.205128633996791E-4 -6.62473386295572E-5
`` -0.02256834371411274 5.867295779904807E-4 -7.057456951756326E-4 -1.796088094828225E-4 3.431920006451404E-4 1.6598661838882918E-4 2.824192918485606E-4 1.2138845478931397E-4 7.505338323437627E-5 1.823390870346385E-4 -1.9916905021552837E-5 -1.1518069201645041E-4 -5.705531569053923E-6 -1.3254708093373425E-4 1.5678356669698566E-4 7.325172903509883E-6 3.146628191186627E-5 1.761089670379635E-4 1.7777315646117864E-4 -5.7607162789937386E-5
it -0.2280697894370682 -0.010822662404965544 -0.024057076734768174 -0.010781721963518561 0.0015464857246314807 7.39530381843927E-4 -3.282495527384788E-4 -7.310760956948498E-4 1.6033308067875125E-4 3.8761374119786055E-4 -9.276218660852795E-5 -2.3622266514945276E-4 -6.917272554091224E-5 1.3014068858498251E-4 6.117873598778309E-5 -2.716424694956866E-4 5.644283553287959E-4 2.366922536536939E-4 4.796953679955778E-4 1.082082515116871E-4
The -0.0043131496877860855 6.288435068245767E-4 4.3746052405547575E-4 -1.7156479019279618E-4 8.002920266362091E-4 -0.0013193892674895492 2.4727855877059904E-4 -3.2707792091754567E-4 -9.531105341425755E-5 -1.5950674151265414E-4 4.0812154540331536E-5 -1.0577372324714572E-4 -1.163730564584154E-4 -1.0114350496523841E-4 -1.0357765102041283E-4 9.539050733908627E-6 1.6846602030844926E-5 7.334694420180328E-5 5.133376596802886E-5 -6.334275698822218E-5
on -0.061767049908035436 0.00877473188572807 0.0041362599389341255 -0.0018169487567029632 1.7267848503581753E-4 -1.1778750910780905E-4 -2.4160472932271688E-4 9.304601037147236E-4 -6.74102245372011E-4 6.54306831046722E-4 8.11427930253683E-4 -1.032275468501239E-4 2.434189199639343E-5 -5.778361548188826E-4 -3.5383352455001996E-5 4.407863279121397E-4 2.7168138558266634E-4 -3.4860740855190863E-4 2.3989559647721057E-4 -5.69216209346345E-6
said -0.12533612623291812 0.00180846492890388 0.004867010679910537 -0.002950642649604202 0.001702155938402734 2.971404591523601E-4 1.0025822917698097E-4 2.2723975033335384E-4 2.4750434542597396E-4 -3.668079993916989E-4 -2.0668464971583932E-4 -4.4008251219693586E-4 -5.587599663381241E-4 3.847069768530707E-4 -1.611282979993128E-4 1.0974290377336297E-4 -1.6287374541911284E-4 -7.796239549465554E-5 1.9304995742064674E-4 6.07360749829131E-5
million -0.2365768841895123 -0.02904308502682089 0.019324366278961547 -5.45008075748958E-4 1.6424336806876072E-4 1.667543753689058E-4 4.3494334852147316E-4 0.0012106891233223335 -5.886565335256159E-5 -0.0013104999228137151 6.265692656675608E-4 0.0012683011011800647 2.60707455954442E-4 -5.86490709615681E-4 2.3174085800632614E-4 -5.662001506519274E-4 -5.888657638620975E-5 1.978438396895316E-6 1.6664655027782426E-4 6.838402800147201E-6
as -0.10507271544023301 0.010378503634120887 0.0040290090692381535 -3.852391071484711E-4 0.0010549374934857433 1.7910158685157938E-4 -2.970826679089594E-4 -1.3071348228352062E-4 -0.001379592322045645 9.79990317307172E-4 7.31819196478206E-4 1.5491617274500185E-4 7.535260331130769E-4 2.610124446585274E-4 9.11665753223874E-4 -5.294983627330318E-4 -2.591359842186122E-4 3.386283703144517E-5 -3.7774244792118775E-4 2.1393274743140996E-4
are -0.061808233619023184 0.002800899829979322 0.0059962235432533565 -7.72248008609463E-4 -5.502594572644388E-4 2.5334941120372124E-4 0.0017745599353707732 -8.205859264169842E-4 6.776447144518374E-4 3.298185712046479E-4 3.760355861384034E-4 4.530262991266403E-4 4.935591211742656E-4 1.6738010180804053E-4 -1.7307789956063163E-4 -3.152764157810241E-4 3.4145504429560815E-4 -7.561804522806205E-4 3.5239712582372205E-4 -1.3417314062665083E-4
an -0.008889509599190864 0.001311142060076563 7.835730007103889E-4 -2.0218327468621408E-4 2.1375108138890382E-4 1.5403151875324216E-4 3.3605836431513673E-4 6.165555397522672E-6 9.477003105344751E-5 -3.9930924770711945E-5 -9.986921798347002E-5 -1.480302750820916E-4 2.483780623170513E-4 -1.8890975752809035E-4 1.6247881385959408E-4 1.0102318061462409E-4 -9.386646040425522E-5 1.6357812938514466E-4 1.4090093734808978E-4 -6.19500860535086E-5
was -0.11443957757239293 0.00900304296787616 0.006473072174883459 -4.924582150012902E-4 -2.547264151510285E-4 1.7281323185642464E-4 6.75700260145444E-4 -8.763915904707239E-4 5.009738289612566E-4 6.836728821611664E-4 -3.4311941440739785E-4 3.879640365796357E-4 -4.832891696441955E-5 -1.3491278528474595E-4 1.2587865916470362E-4 1.2822056213104656E-4 -1.0629986718317736E-4 3.971936789970853E-4 -5.256660083974064E-5 1.0385480537517853E-4
with -0.07875455973513013 0.012788477887035653 0.004279124136625407 -9.727388920512388E-4 4.2034117579313517E-4 1.8858607349545717E-4 -3.65105479490576E-4 8.716892039531178E-4 -6.199445045508647E-4 4.1190842294695686E-4 6.316356396961774E-4 5.472037807941546E-5 2.8273857077396703E-4 -8.553494040086537E-5 -5.4772027687149174E-5 2.6875953563205478E-5 1.2518692475079255E-4 2.201935134776476E-5 -2.8130991186886386E-5 1.090847821416158E-4
by -0.09732998922515414 0.01567476643792631 0.006006387374022887 -0.0015852005444928255 6.104229897927568E-4 4.537314039556849E-4 2.1833027070388556E-4 9.180514778889089E-4 -2.712043812918626E-4 2.5905556556263015E-4 5.146216480309688E-4 -2.2288387902700283E-4 9.073187503024027E-4 -2.9905788454900087E-4 -1.7195004125750602E-4 2.04157289676281E-4 -1.1539820064329119E-4 5.392798632888201E-4 2.5642298898781717E-4 -2.671370360525493E-5
Mr. -0.004975009618365401 6.325553641954935E-4 5.412371311488561E-4 -3.092998213047161E-4 5.175538312543864E-5 3.8680987540923645E-5 1.9620014868626192E-4 2.67071444283666E-6 5.726753695463336E-5 1.7738739423329368E-5 2.030487132696928E-5 -1.0245775733316501E-4 2.0828067791481852E-4 -1.4371709706958446E-4 5.834463475751558E-5 9.203245806215218E-5 -8.278097599516104E-5 1.4184393778571774E-4 1.226533571603206E-4 -4.75746292323534E-5
'' -0.13739797441001303 -0.0012632790203009336 -0.005379565879967566 0.006950376231776187 8.278181965290639E-4 -2.1325103174065953E-5 -0.0016186776345448017 8.813413344626651E-4 0.0025267875029686532 -3.360541546212594E-4 6.757434170947074E-4 -0.0011905057344814595 9.160017068960796E-4 -4.357368131669476E-4 -3.1195810898671823E-4 -1.7686959884783774E-4 5.9051755499367806E-5 -8.773922801502798E-5 -2.2372903225709455E-4 2.3111615422854695E-5
at -0.08154734047924707 0.01729143752255765 0.007528762957393043 -0.00333921939886547 -9.482750524877778E-5 3.275926247231862E-4 -7.730485261658673E-4 3.2179088796420083E-4 2.3583934011026474E-4 -9.465321660647043E-4 -0.0010626934509234335 3.6193216154688793E-4 -1.8937685673687087E-4 6.494908103696458E-4 -1.9264296159858478E-4 -1.1054500294620424E-4 -1.632419055072236E-5 3.8510778018653054E-4 -3.626224938076787E-5 2.9429474986157227E-5
n't -0.04329951680362502 0.004003992751750913 1.1897640070172852E-4 -0.0012350397265725838 -2.9829371076095144E-4 8.159979813350938E-4 4.2272384244432E-4 -5.149214167168343E-4 -1.7060286407634883E-4 -3.862267878033695E-4 7.834673578408587E-4 -4.4712048080194813E-4 -3.237970584845805E-4 -1.628392597058238E-4 -1.8678372069874256E-4 1.2514822994609735E-4 -5.787614296706925E-4 2.765772878035202E-5 2.6766198119851005E-6 -6.139683041561236E-4
will -0.032172887514528514 0.006573771167055491 0.001884338846816327 -0.0022646522292977503 -3.4271816852404893E-4 0.0019768327271117566 5.1974283281684E-4 -0.0010462881616875857 6.234769054369868E-5 -8.320414099801974E-4 0.0017895086336399601 -0.0012374734043679194 -0.0012840423733675727 -3.986637277363802E-4 -1.259486355382966E-4 -2.36501278490756E-4 -5.630942446187994E-4 -3.315059390362133E-5 5.792546583843104E-5 2.7195156361021735E-4
its -0.009389017747480232 0.0015407100665387203 0.0010465474006277951 -4.903087494899395E-4 1.600713748647288E-4 1.3414876547082348E-4 2.91441368860056E-4 -4.175141458215338E-5 1.3562541413281631E-4 -9.914219865442988E-5 -1.4159576114383535E-4 -1.7817470032860565E-4 3.0973614080749963E-4 -2.0968895662571476E-4 2.090483324183029E-4 1.156821093164184E-4 -1.1839121297576963E-4 1.729616977759998E-4 1.6431478983479957E-4 -6.670359006738059E-5
be -0.06274368916527957 0.0020174023762266307 0.0018513836422221007 7.935991556181221E-4 5.292973738856757E-5 -5.70004045887298E-5 -1.9450582553640124E-4 1.5850643974493355E-5 4.308469003300795E-5 3.310965798831646E-5 2.66289510722185E-4 6.336437990272627E-4 7.418231227408628E-5 1.2389563163378827E-4 1.5740223936530116E-4 -2.0383106907495777E-4 -2.3529362497060153E-4 4.1918996245494315E-4 1.552840021820297E-4 -3.541046783236825E-4
have -0.08029126993765065 0.003073610278525225 0.005279081135313605 -5.872298262278256E-4 -1.8557745025340062E-4 -1.8554472139473727E-4 -1.4562696709355234E-4 -5.444967475523476E-4 1.4944808095688055E-4 0.0013480343909490588 6.515928862013967E-4 -0.001001675435441294 3.0371839664103736E-4 8.085909591675214E-4 6.707236154650353E-4 3.775357065570012E-4 1.7798056972202867E-4 -1.1980747538523728E-4 -4.4225401950476325E-5 -2.7783351923755145E-4
from -0.05352212719498227 0.012000974547168758 0.0051396928878433955 -0.002279350303986797 2.603371906750144E-4 3.8593630492589045E-4 -6.060036547453636E-4 1.2735474294422918E-4 8.572617815081784E-5 -8.753731404186875E-4 -0.0010371039699310165 -1.4535644050988863E-4 1.677245116928191E-4 -4.5356527472453076E-5 5.671744459123652E-4 -5.74257408599033E-5 9.308810465300454E-5 -3.1776538020602E-4 -4.578541970700263E-5 4.347399196824884E-5
has -0.09259584982108053 0.010704612461815895 0.005219508502078549 -5.151151010322172E-4 -5.602636620847468E-4 5.463289719495799E-5 4.221476171674464E-4 -3.4916097182950933E-4 0.0013506514802056155 -2.326397364002259E-5 6.01852893358449E-4 1.0208508796304299E-4 8.755470441801318E-4 0.0012695754279435287 -7.445840818827446E-4 -3.9649277132454446E-4 6.240150047096324E-5 1.5515365430851764E-5 5.34267573430448E-5 7.748362940785776E-5
they -0.14629380658465715 0.004513018970400934 -0.01224553428714614 -0.003957062987107421 -0.0035968963295160638 -0.0021871115582074935 0.0020684218963581856 0.0026316957066781508 7.192654515278984E-4 4.029114311767509E-4 -3.334929117519465E-4 -3.824459380368038E-4 -5.211038593584735E-4 2.0918069969097367E-4 4.175671724450326E-4 -9.976597596970917E-5 -5.807522480664049E-4 -8.71732529864031E-5 -3.6095014755197124E-5 6.547701872752101E-5
market -0.18663575712940528 -0.012647443150291204 -0.006094815072586165 -0.00705860847685227 0.0013138073878433557 8.140918691524173E-4 9.592562852461016E-4 2.4375937161373772E-5 2.023864524132494E-4 -0.0010157956413249956 4.7025100784583106E-4 5.513989641477214E-4 5.448162590216098E-4 1.692817665107195E-4 -1.2429279514132154E-4 0.0011958543077155727 3.0723151560464425E-5 -6.8152702149894E-5 -6.610681241742067E-4 -2.404324396723876E-5
about -0.04378665882004989 0.008957069673271622 0.005163621310088882 -0.0026261436909139255 4.903696417559113E-4 4.978729487357475E-4 -2.570522451777259E-4 -4.334100309303622E-4 4.446932524639387E-4 -0.001105527260240788 -0.0015475848136075254 -6.635134822855209E-4 5.060209580137231E-4 -2.477112617722775E-4 0.001217797285601958 7.937298765137816E-5 -8.6427781553743E-5 -3.18008004515232E-4 1.501891814819498E-4 -9.346398533604086E-5
were -0.14154189849793447 0.006157787213502815 0.006222508565657759 8.057138786440298E-4 -9.945131100850615E-4 9.792854906370176E-5 0.0015762780558279627 -0.0019040580065110273 8.207315282347804E-4 0.0012145575513074437 -0.0011483275933575072 3.4720451752356897E-4 2.4709452972318866E-4 -0.0013000151784324204 -4.5475025615781753E-4 2.3836460847330356E-4 -1.938436267354493E-4 2.4623638937704243E-5 -9.984330195916432E-5 1.6150575254574002E-4
