<OOV> -0.38438057222137356 0.06590756102978798 0.9028427184441692 -0.08524885425350225 -0.2822311281413972 -0.49615138636251055 1.7383602662966116 2.3529934317907313 -1.144688518347329 -0.26864984845962303 -0.5211639359839678 1.748089160096547 1.368798108959921 -0.927122278020776 0.936011095311717
, -0.47296862494634845 -0.07680481440596237 -1.1206814985791622 0.12829817438698404 1.2468489758020451 0.595298247166012 -0.6170815427208719 0.951165505855039 -0.34642448650527896 -0.2031189056866719 0.10210080228895067 -0.7321528447199287 0.08402203767216794 -0.10059217156090906 2.243335450605702
. 1.927982042441423 0.01594377691967892 0.07387418190536583 -0.26140721153697977 0.0073765613792507 -0.03444431040089962 0.3992119876382321 0.536506292380505 -0.6478484442446127 0.9378786320318826 1.1572935878764286 -0.07421949953874511 -1.2147418067486222 -0.1169986122136934 -0.3821051056286914
MORTGAGE 0.4254521395537629 1.3765576526785268 -0.19707304580373358 -0.7105282583131451 0.4898351625619921 0.36826472418278244 0.5721150432057075 1.5307345030818054 2.2173876491993574 0.35718274866599603 -0.8317699121025108 -1.1302807996586137 0.22272495597512046 1.444908933562876 -0.7495784593624917
Drexel 0.3400674612606048 0.10873740084322726 -1.7416574630666093 -0.6972577037649749 -0.5407254698178202 -2.085469756717095 -0.5194869599591535 -1.4472484646907915 -0.3338303873736927 1.2708172205482828 -0.011773983648710006 -0.5955751718158346 -1.3228287671294336 1.4605152222705684 0.5064448727765178
by 0.6036029964549564 -0.5300944233592052 1.522494586025336 0.2817114131682956 0.24909727969848242 -0.9913642425854882 0.5382046598016872 0.8686881396043908 -0.18456056714976513 -0.06688334388309596 0.09811311288986896 0.7607598344736727 0.0591189233522189 -0.8198371087812608 -0.3889343952915561
equaling 1.0269174310297997 -2.39653959993918 -0.2099630025507687 0.006651879607663838 -1.837698728138418 -0.769770208027409 0.24191592060457504 0.9011224524062476 0.6520962603308814 -0.3221559355000631 0.32693856007501126 0.5636474375265236 -0.4361877659525188 1.0793319635397347 -2.28899338068346
% -0.312240116659324 -0.649874331759714 -0.0547699000169818 0.2968380718518628 -0.4003708751274175 -0.4845966848277283 0.7774183770088887 0.9041421273598792 -0.724004755884468 1.282276076551431 0.8180103195832508 -0.5409248950770777 1.061020688849844 -1.1576113320099 0.5405641728358445
Mac -0.7094977149598495 -0.20551322483709633 0.8497181272575054 0.41189762295363747 -1.9872040845921655 -1.263054877975411 0.49065839724377935 1.662724726505087 -0.21450479672515646 0.7164918133004129 -0.9313194476599441 0.6563880211563409 -0.0036476982473694795 -0.48351338864340143 -1.0667972010108933
: 0.3715510020668618 0.327515696783654 0.42502887238088216 -0.15680731855730756 -0.0027596315297370587 1.7970815311954178 2.2404179550710706 1.4077334784466637 1.6426010556466926 -0.9538522752898219 -1.6296071493808326 0.9777942502550845 1.7418461455401804 0.04180413280827213 -0.22664161654652204
Systems 0.01981922384324341 1.0709280336737883 1.112460876944751 -0.5635694593424199 0.2585455344555428 1.0361964008140567 0.9925362396194054 -0.4553334609407948 1.4587561355933554 -1.27140940849544 1.2167421276145387 -0.2605139883266775 -0.49721319944239556 -0.4411253724536045 1.262836997425847
Posted -1.527827597722716 -1.1055337675612418 -0.7801645058186081 -0.6973002743611226 -1.420740327341941 0.7881569471219056 -0.1656331203386956 0.2972441959821353 -0.44729375678947536 -0.2944102635065279 -0.9581191202942693 0.0920927992478939 1.0461585262032476 0.10574858245023533 -0.12811436202403806
Burnham -1.3282828219381346 0.6927921630930539 -1.6852170575474243 0.6457779087704125 0.8374588084220087 0.6616561784571225 -0.44974046149439956 0.6293645368228543 -1.2824871586858808 -1.6578254599966513 0.22383975508811346 -0.1581628107734467 -1.4699286267328187 0.3305532352393575 1.8107592289539918
mortgages 0.3969214086135844 -0.45009809334439993 -0.42310691449445487 -0.49329913812586684 -1.9302709661326918 1.610259632155355 -2.0975698928575977 -1.2318842983903648 -1.4204822023800556 0.553088998963492 -0.06589679570747291 1.1288944552280349 -0.17952664259125678 -0.6755343545923286 -1.8682930516419138
rate -0.32670941721866764 1.6747014486521794 -0.0721063087578724 0.6756662585125136 -1.8225040088553877 -1.085384267186614 -0.3361405512107139 0.29517958051935694 0.7472310810852475 -2.1270045908216697 -1.7870767086014991 0.5826731267453835 0.5604351286909581 -0.2693704053478281 -2.7918901970514542
Telerate 0.44005730432054024 -0.7392571432417627 -0.043849716002430074 0.725930802966261 -1.7312544743195157 -1.7031124561177662 1.1033070495536166 -0.4946460245311653 -2.2790758575196746 -0.816027098697808 -0.2549412066046081 1.3523752334215644 0.09107339622673963 -1.767291942766362 1.9554480765736795
yields -0.6896494548414107 2.203269077665683 0.13605036057332742 1.5095891315646137 0.5000927287605009 0.38847066436191524 1.039193241149622 -1.4477680353125695 -1.2950549876603255 -0.8070035830864156 -0.3694974723087875 -0.33595003132463847 0.2654075913950937 -1.7008435503969046 1.9165862683336383
LYNCH -0.35117965970999915 -1.4645684317141403 1.9655087936932536 0.7773294844799034 -0.4183208773099816 -2.1136671704332795 1.0431576907228939 0.6662193825831051 1.1352875101935547 -0.47429211374195984 -0.8794636486281582 -0.9062333876969891 -0.9561231333434052 -2.3498453153109287 -0.4560945846501656
triple-A 1.0220153154589458 0.7076600199337287 0.15700601473496384 -0.16074448684150067 -0.05929469371677236 -0.7240718324531161 0.08156025439411833 -0.24110294764517456 0.7085191506750378 0.2489085289750482 -3.2984364216249595 0.22342571269184403 -0.09859961457788671 -0.5139900690300742 -1.55021139196392
CORP 0.31299268004992264 1.5859813127588684 1.211530172616333 0.532049080541031 0.24562315720857408 -1.057386175641941 -0.8946407826247051 -0.39698620881251107 0.7374410503472365 0.6894608011668975 -1.1442016110335136 -0.9889377373825164 -0.7302200848053007 -0.5368124702434973 -1.0124621595696321
ASSOCIATION 0.3726595100707293 0.26396635542494407 1.400515481140372 0.3964657387509254 -0.414276965520747 -0.7481218239332448 -0.6244239024797686 -1.0839290038210836 0.9373868302147269 -2.7659354998333145 1.0521023952770012 1.167606605126666 0.4275356316695195 0.7960039290120675 0.07481549185648344
percent 0.15275876441961525 -2.2834593588748446 -1.0258526968570578 1.4695991820171244 -1.1295895132422495 -0.42324198167372634 1.4010400276557893 -0.05115800504166677 -0.7952436479753985 -0.3566398861515364 0.4733039749948636 1.0384591145626991 0.7832248255563321 0.8201996014026958 0.2800709380666983
manager 1.1740401920069135 -1.2420614662331986 0.780756684081804 -1.1219474462303352 -0.07072846889460772 -1.0054695679667376 -0.5627013432852476 -0.3948941271887558 -0.360538271994591 -0.01046098507316336 -0.9750351235437211 -0.8510349087401723 -1.7239776629447847 -0.4390518104537564 -0.8388145354614528
Bonds -1.682630175648288 -1.4589951120848588 -0.8464544005829784 0.3436754820844551 -0.29400802599676445 1.6701501411742739 0.47629330944837694 -0.8615167310815088 0.05072018374020315 0.4045064265026184 -1.1490154075296721 0.012473731876431148 0.9768822485126762 -0.6784579004833508 -0.18112428043111772
change 0.2368320564457471 -0.3111427002544083 1.2992583382244296 -0.282653636513166 -0.6534510132774848 1.4248769172672984 -0.2046590021915179 0.2545226170191005 -1.5500207631047207 -0.94234219387877 -0.7174258830331519 -1.7294279693405685 -1.0107282092491126 -0.7070949595694873 -0.3385023618331152
five-cent 1.8499573429694398 0.18526359183373137 0.46465083937035884 1.7060863318339965 -0.16260485397569993 0.007953412659502382 0.2618021573924227 0.4515172591478216 -0.053835798472848195 -0.73589614232963 1.6047968366862817 -1.556831207908692 -1.8355858151042475 0.5146454922631015 1.2338155810156561
where 0.9407339598873976 -0.18213748611973654 -1.0577518223291311 1.463758602296632 -0.12028064462693606 -0.20922963212361181 0.8138686252559145 -1.6183357783898857 -1.127753347043129 -2.502651743897011 -0.3910088014591194 0.15116672901411465 0.43416266284844146 0.9471150037365669 0.908405931978853
Commodities 0.37480952198244 -1.0058910314862062 1.891466253856843 0.09553387100042608 -0.40591852543890344 0.0912168895447747 0.2282759350933656 -2.6312155803051107 0.7732574113815379 -0.08621481034287884 1.312540741940412 0.03778831850785316 -1.8948223183620312 -0.10949268648464416 0.5274951345018908
adjustable -0.8431141653851398 0.7872277001752552 -2.5632726424811683 -0.637244758271711 0.1524486857388901 0.10153939601968578 1.3438771306643762 -1.3628080730383905 -1.0072482316154858 -1.4241639140027764 -0.2744920196578628 -0.4202081852733554 -0.9776541614766956 0.43260440264062644 0.6941283573624611
capital 1.1349228615214122 0.7110197098460131 0.3174685209485115 -0.2621467436535234 0.020693061037528764 0.34364711442163826 1.6289021292507662 -0.5331493020204214 -0.518385473506801 -1.0122672802916448 0.5103610727563518 0.5306213922938265 -0.5094491667814253 0.32594298887876105 -0.8367826234636473
calculated 0.3685955096511606 -1.4315019578849526 -1.6900309418882993 -0.8013665029800671 1.8661526919913491 2.4265856442796414 0.8552945917793023 -0.13123567473742173 -0.4564354339283852 0.3262766907906987 -0.5430555714781242 -0.5832521208698971 1.2644393591220617 0.024071711176517012 0.2086805418727265
syndicate -2.9873738866441117 0.5248609516685403 0.7088513818015636 0.8546500994408132 -0.0637311783402256 1.7304006106107848 -0.285888644581038 -0.7664931498383025 1.0799974884772299 0.10531539108583586 -0.683495545666743 -2.5120663862552077 -0.3527345366544108 -0.021071002386343244 -0.9455007230616835
of -1.5730490815263551 -0.44331942060668544 -0.7170457634654048 0.17642222621197717 -0.5940656079058414 -2.7510124441287434 -1.407481564769475 -1.3424110827917997 -0.21621511046764907 -1.1919705299871035 1.7025321347034796 -1.5055536291997496 0.11635085977468418 -0.20542002029240722 0.890227878157255
Kidder 0.36671858973244764 1.2397172848560571 0.5374667470648843 -0.9630973401744337 0.17267535264941491 -1.7447097498919901 0.9660070816729499 -0.503252009878295 -0.8158465515896401 0.9215905966399799 1.272471580303003 -0.8884669921468575 1.1202922830059465 0.3366170350411868 -0.4704906771306213
Markets 0.9896114847401807 0.2925271006267572 -0.765292952987227 -1.4538175214340308 -1.7021862611678666 -0.9612572925899889 0.7108686318643755 1.4013336178151308 0.36114163796887505 -0.13156460971449682 -0.8832694599860644 -0.4976359704762512 -0.3770449884266697 0.4588647424273142 -0.44172572728581244
offerings 2.6545086601241006 -1.0536342514941837 0.8432172287280492 1.487948039156165 0.2554513785356934 -1.3744427973337732 -0.6518304669349811 1.071718530447619 -0.37206739677349915 1.2326736932660238 -2.4264354600219202 -0.0927433810322591 -0.5636819783663036 0.11343066413320747 0.3853363111319924
Sears 2.4196700240646893 -0.19830888839661936 -0.3491046150064866 1.3219795409466146 0.4449825155835895 1.716571201276498 0.46704079639635043 -0.9671724633247952 0.03619633945733804 1.0375386089260985 1.8409808615834196 -1.3899202566195001 -0.21748391780463883 1.2948090037451394 0.6544292633093971
READY 0.25782283539113865 -1.0154522835599056 -0.20597540001968004 1.5655753805011805 1.2539317926686768 1.450125757172445 -0.8466780518118034 1.0956229521267797 1.3396885386510329 0.06505591220107702 -0.195744118803633 -0.41144555817108913 -1.2035703118162984 -1.3437805216663803 -0.756495650150852
listed 0.4272306804066236 0.10672174387458322 -0.5884221025457406 1.0890811968106375 0.10846885526490606 -0.40886149708718506 -0.4186135763435095 -1.564146565699609 0.1006148932206664 0.7783446171246132 0.09191069221416963 0.16793156071836443 -0.4667183511980817 -1.344894095666929 0.8296265831809708
Geneva 0.9696842811766433 0.1956287738448063 0.6565329353329017 -0.9849505764289249 0.668295130165496 -0.35072761973690497 -0.013494488839150737 0.16395628763383036 0.6192973620546488 1.7511534163913594 -2.301050706549644 -0.7879304568433161 -0.4448953725899491 0.05484828446206522 -1.0568045933071442
Annualized 1.304310982453131 0.3989283833632732 -0.7071228608869827 -1.3610944804081684 0.9262248113363282 0.23393584802738646 0.9371185569987671 -0.5387407574656906 -0.771061231006046 -0.02698860904711991 -1.7041925568150842 2.357259753255673 -1.3762021526630845 -0.9747732298383145 -1.0574883335231156
