<OOV> 1.1774176228254982 -2.363123585791698 1.0371708111120839 -0.5376718799242989
, -0.20445037930912605 1.8675989981433394 -0.6028939041202345 1.9760322783116437
the -0.23308238474162327 -2.697927068687298 -0.4754666487592151 0.07309497793482626
in 0.38235068585383253 1.1818272130972272 0.6987836658544356 -0.1492137072136957
of -1.031138387528394 -0.16202997757760126 2.409592195365376 0.9401676211325628
and -0.7323369195478419 1.04507869878097 -0.08760248611662906 -0.9760956634524379
" -0.7784341587671934 -0.8036425759183351 -0.6231589715219494 -0.17269042002977397
a -0.6300834233893795 1.871305846363263 1.4126097135717957 0.4641743412985625
to 0.8782457604207311 0.36685177091033305 -1.6605506343574674 -0.9645253288338129
's -0.02134484874268183 -0.4999963491706833 0.23254000064531752 -0.8794308452019669
will -1.9965827604549014 0.5868497548891827 -0.4013992414985659 1.0532800736262395
Chrysler -1.4482009745277822 0.13173377550419252 0.01966254740789241 -0.38023215047957976
at 0.6165633276032599 -0.16575822899357756 -0.061492416714833346 -0.705712241986758
said 0.483539069963857 0.8928983055536183 0.15000598144393437 -1.7474484907794983
The 1.3611948907908529 -0.3846468941107517 0.6146154756336188 0.2832600690257295
million 1.0281120480732353 2.026141179388855 -1.9023128239646656 -0.27589899957507785
for -1.051369360892318 -0.48361683159094737 -0.7301203719878341 1.4232340528671696
$ -0.5018676287944711 -0.5103680656349797 -0.0667137588608515 -1.713579451650033
said. 0.8764845545121984 -0.6366796197282498 -0.45848918052211013 1.263351973253449
Tuesday 1.9193756144967027 0.3565416960631571 1.4047239793069761 1.0337474762704624
was -0.5832844021948684 -1.5649502468517127 -0.22093850191468914 3.014276036492013
about -2.7234873776038526 -0.2873931600171642 -1.3932056083668614 -1.2529444065502795
from -2.9596589391733206 1.1590220685419874 -0.5424868491692193 -2.104940996110936
is 0.1689533257466679 0.9442713110366316 -0.43688263363473445 1.216313316607251
be 0.378909208082607 1.771044746833328 -0.8128182559564391 -0.25798642897670176
on 0.015022526973226176 1.194431660048017 0.5164938127484312 0.7377083043792152
plant 0.7040992775929933 -0.4385381995015345 -1.0497957624818937 -0.868819080202233
Mexico 0.6356177826814385 2.448707032729284 0.4461745904224839 -0.4872883160968571
. -0.3054819238733147 -0.954137538005299 1.4028948182699716 0.8434583650755466
Corp. -0.10841457750323712 0.09543153620329564 -1.287264697181767 -0.7605637827965022
that 0.03191279995462513 0.11414289230611577 -0.954158168851717 0.12543447838643382
Jeep -0.13993573484722174 0.7736478539851451 -0.04659583353292115 -0.29260535690971806
it -1.8009623001688675 0.7176495006240894 -1.048062644174431 1.0539221592400474
market 0.07067990890561632 -1.6617008794993366 0.044326346554101836 -1.128085581368686
Brazil -2.0734547145547224 0.2244629941948422 -1.077361809014256 -0.027263201559959767
with -0.21978413353063717 -0.5757581320912716 -0.32698221941795264 -1.3465917964320038
by -2.360284679721763 -0.17234608473684987 1.6694711038072552 0.5817449573520177
he 0.5096132500795474 -0.4454893023356626 0.9010883683062276 -1.5117384573752248
has 1.0952872717224649 0.518755025217221 -0.19166554067014607 -0.003335285369917305
which 0.501194308086367 -0.08850339750109439 0.5939017863576531 -0.583807981119086
or -0.8306738415461752 0.196007918157862 1.48458499105464 -1.047976577233231
Mercosur -1.1004437969367944 -0.6391007544584854 0.06309251653720266 -1.1461990755757399
year 0.7966107558808035 -0.11376398351563555 0.778994213724299 3.0731467489477633
We -0.826768501863349 -0.18867287802287672 1.4711723022972027 0.9394049434037646
rates -0.2139064426353199 -1.41322791121137 0.3734520007765735 0.40207754240369664
Argentina -1.1655920590679938 0.2391305520537557 0.03401796389112802 0.5498869462004766
one 0.15689764675189105 -0.42015220130597525 -1.308482057567358 -0.5880994786006509
its -0.5483827193664474 -0.9472387806915827 -0.23928465747481226 -1.018325526781303
% 1.2390387759929826 1.4477716947609216 -0.15475509238381058 -0.011763487631451115
8 -0.157045108086615 0.6137100220301739 0.07244520485952884 0.4282839199924197
markets -0.29703686183596417 -0.2471204048309529 0.42946781553159646 1.5948127242036885
Cherokees -2.5150083157447582 1.4297192102723149 1.6786268064878687 -1.5972821095000895
Eaton 0.9542840138280694 1.5371210012393186 -0.7140297081333843 0.10764118776782153
major 0.18944748665368072 1.062727189176395 0.27016397256428215 0.42176554162689284
investments 0.5024152740851139 0.6033387364168238 0.8446742966237082 -1.0048098114827042
into -0.3069336156539284 -1.5850046097522499 -0.4245712548311492 -0.28466307661053375
interest 0.5232003235004837 -0.7801102145975696 -0.9058395056291281 -0.4505305626344202
percent 0.5354007296347333 0.891370361417513 -0.3813852658459931 1.068436578305634
automaker 1.670377688049686 -1.3007919173813423 -0.347270518990425 -0.009617932181027938
now -0.05373137561488258 -0.24101039766554372 1.4299284718638645 -0.1142729478399947
South -2.7774149059514914 2.0371582070423018 0.33011192166456443 0.29523377665978123
America -0.002224318728374183 -0.1344028634216414 -0.9467786499819754 -0.32660713852491813
as 1.207296818506805 0.16897323138326692 -1.333584433588857 -1.2748595027223535
company 0.03884073570208589 -0.11131940347728352 -1.5049815639397794 -0.9472919279722308
total 0.7211374018714949 0.5529590766714824 0.39900533522693904 2.3400019345336562
; 1.1089831588880983 -1.1094643626656597 0.5641610091924155 0.06357923874866538
new 1.5546527168922333 -1.7479502560408844 -0.09779442408872603 -0.6404628280604107
engines 0.7699956932244063 2.1412032674799106 1.1191113660881413 0.5146945760857218
an 0.5871506883456663 -0.5785243883140015 0.8058858238293447 -1.6892205666595772
growth 1.3569010654729539 -0.009807397371129218 1.084109348861367 1.6874264682041675
small -0.4999985042739139 -1.5527363147772753 -0.15608447232792455 -0.041666063124651515
Dakota 0.8889626083139319 0.7199397958656807 0.46787490277444 0.33126013610089733
built -0.6856324963275362 -0.23064084323281064 0.1719084676162482 1.2638613310878382
since 0.10719171767775465 0.22787098093739577 -0.9558814513593183 -0.3948268121114118
Brazilian -1.1749370566653108 -0.4865911122663738 0.03034560964877876 -1.6400616292492765
also -0.12094338485072717 -0.12774456042716115 -0.2628910270582665 1.228364067266982
under 0.04022348399856707 -0.3406031516772765 0.17658311989955314 1.3264186867971015
we 0.7193633626700356 0.09411280531413241 1.9583632836783247 0.9588872869008369
back -1.128927584179095 0.2291736447298534 -0.05692140092279644 -0.15147427470709815
trucks 0.8267896057665363 0.4271693447711943 -0.1015372744984802 1.2978710928033133
United -0.731802322287353 2.3369295701730874 0.11812693358507816 0.8629153836103121
suppliers 0.12291546385550015 -0.25198983030370925 -1.7654871051794467 1.1732224292821143
recovery 0.2013551332325944 1.6180362565874131 -2.182546196077533 -1.931559260686702
diesel -0.030076500496520782 0.4234029731691509 1.430000976758415 -1.084826044554007
stock -0.17569931765793234 0.18059628393374216 -1.4980000418153319 0.9715411450904224
fundamentals -0.6611832674091375 -0.5708984123623064 -0.27693968265086555 -0.799232844721586
been -1.5349955511232494 -0.5531665893938622 1.8028546564528452 1.508210469603892
have 1.0091981373198764 0.028011674688132246 1.0364808398183993 0.3349961734010403
up 0.2272551279671856 0.357336063768607 -0.494065884020586 -0.5046548472156428
after 0.36755185622729136 0.32310308363774926 -0.1373306978955587 0.5104296067988161
were -0.6216960311824457 -0.925081921632833 -1.0751749156466741 2.1893097194252875
first 1.0378367531621457 1.3798535901424147 0.17659860003272557 -0.305933934628764
But -2.4249876818492266 0.597220011082623 -0.5088327786534251 1.088662569432058
: -0.2788414413027438 0.6476721436822825 -2.4217767697247434 -0.05222127941126913
steady -0.20621549610643847 -2.0386129004098033 -0.024468874729797814 0.8381784340221167
secondary -0.0954866172025767 0.23174768304795967 -0.905570139471007 0.1567141205956777
315 2.791703481427202 0.719775457334433 -1.0244452217242133 0.825544820366019
do 0.08387892656792735 1.154510629631316 -1.348450831345975 -0.9441796879906037
history 1.0012240574546776 -0.4865335016843852 -0.30480302674721454 -1.4950581389115687
9\/16 -1.4057443131975784 -0.6413027981320325 -1.410395399763432 -0.02710174533713232
consumer -0.3536047778437684 -0.8881510730596919 -0.30259546152311395 0.787288537672018
