<OOV> -0.08648398112391946 -1.4343612535120705E-4 -0.0031332565112249947 3.54519623675637E-4 3.5899534479171994E-4 -0.001270407822454618 -4.8044523790471494E-4 -1.964229415198534E-4 -0.001540360142402099 1.283641318492281E-4 8.874273480294705E-4 0.0011365347682331334 -3.2155592774391805E-4 8.493136751380764E-4 7.512576815329668E-8 5.22809073029545E-4 -2.755228860133191E-4 3.145504601179964E-4 -3.3011472364739716E-4 -4.182105018793463E-4
, -0.06575099430724293 0.005826127112915533 0.015182499091838171 0.011158398775550698 0.015590147992680159 -0.0032434131604507917 0.0014660973935663386 0.003465097391438795 -0.0013222985503439709 -0.0013588356678766041 -0.0016698952755854653 1.4119549189737677E-4 -7.958565447216118E-4 -1.9972337454835068E-4 -0.002623661678542555 -0.002714006370611263 -0.002970949152242792 -0.001931645285313611 0.002152259144436304 -1.812785177342991E-4
the -0.06908862249989475 -0.0038952655712774504 0.004191513590389295 -0.004487646965760964 0.0013067527525364134 0.002251577700265465 -5.357703285166188E-4 -0.005172211239403792 2.6129712691412446E-4 6.053796739745295E-4 0.00517360109194112 -0.004286598047747893 9.710219758265641E-4 -9.559956173216833E-4 -0.0012450963700232256 -0.00469552397823335 0.0020413680848184353 0.001516214686701175 1.32206052004671E-4 -5.615847645202189E-4
in -0.05899695689394991 -0.0051399084271432196 0.013063110481419414 0.009369477950401606 -0.011781383616561574 0.0023020881521261397 0.0019078729036957705 -4.893649365568808E-4 0.0014973488322860685 0.005680938599970694 -0.0045161969999214764 0.0022476041674913444 1.4108687875306398E-4 0.0014585025264444629 -0.0026200142224203898 5.992278939924236E-4 -3.5073190006106036E-4 0.0034200489572326497 -0.0012712138383461434 0.0010341463253870247
of -0.06405117091377999 -0.00391730111336865 0.007669181345690308 0.002915852542752065 -0.005067148567441886 0.001806513902336119 7.152673500609362E-4 -0.001644485201443819 3.8358157702004267E-4 0.0031252035694551237 -0.001418475699839667 8.945728807919777E-4 3.646057172659226E-4 3.9071141776847766E-4 0.0020367038007726413 8.31232120818476E-4 -6.02122398614947E-4 3.351466598770071E-4 5.53841710158933E-4 0.0010017628179357096
and -0.0670218403699393 -0.0032529031761966342 0.006031685912686196 0.001757778229220951 -0.0013756130096944628 0.0016219372926585178 4.230370851658053E-4 -0.0022638992773643006 -8.173922035615286E-5 0.002350684718499 4.381795723936777E-4 -3.960011611398963E-5 -2.3464801765398348E-4 -1.875508146493438E-4 2.5930137719634114E-4 2.3604976235919407E-5 8.25757936400215E-4 -0.0014430603021803605 5.212751516788559E-4 1.9867764729227623E-4
" -0.05549293896502853 0.016727269043120486 0.019952925131190506 -0.014261155272880034 -0.008677429715654918 -0.023995859339435356 -0.0060031059367647525 0.002978055727086903 0.0019126522519256344 -0.0014709104956474354 -1.3380178012008945E-4 1.0795381739297439E-4 2.5039455577153223E-4 -1.908839186061755E-4 3.021311651064914E-5 3.2209560198949157E-4 3.475250294688049E-4 3.2295762526404536E-4 1.606380400705473E-4 -7.00188994358283E-5
a -0.07314372308348105 -0.0030102904919760247 0.0013240283994025177 -0.0028380059132400567 -4.928826712867805E-4 0.0012319770820610006 -6.405892795021392E-4 -0.002506658929242991 -4.8773683616837695E-4 9.049540849633059E-4 0.002654168176317647 -8.906848926805678E-4 -6.870747693762482E-4 3.174498244050849E-4 -0.002060394913540168 0.00146904521938427 1.9173967870797452E-4 -6.243124982489496E-4 3.2286255405330994E-4 5.124174117101399E-4
to -0.0657586189071886 -0.0035656949909138535 0.0032228027612029204 -0.006325694584289821 0.0015947459994449845 0.003825823526250543 -0.0016028290742353378 -0.0016735395226496338 -2.804812364908296E-4 -0.00486922038374027 -0.003806761700150365 0.0014817012467258897 1.4632161210973148E-4 2.215622130410705E-4 0.0014149504217146605 3.99908977168346E-4 -0.0011486845191892093 1.9234377905210596E-4 -1.72296457678533E-4 -3.3020047100550234E-4
's -0.07352323804502568 -0.0023878953769050446 0.001657372548208504 -0.0028403135171990914 6.560642091478469E-4 6.947226822187338E-4 -4.6402131783246885E-4 -0.0022148454868400327 -5.636175622981056E-4 9.50465241603643E-5 0.0020607280742880826 -8.684053693399119E-4 4.882793709118391E-5 2.1065494504530233E-4 3.5159011630400726E-4 -5.747520241946542E-4 -0.0010044206674499209 -2.439940606033086E-4 -0.0010418001965306252 4.7612857731875967E-4
will -0.06075164238579384 -0.004930713645517594 0.004232864110594199 -0.008802612009607934 0.0013528048604887907 0.005657134919761485 -0.0020964501941377113 -0.008282935750864208 3.4633995543151595E-4 -0.012553086201039627 -0.010300443191234424 0.0033062500185375467 -6.476393894548743E-4 -1.771080440092582E-4 -0.001817141871166756 -1.598225596517922E-4 0.0012526456187929107 -2.6438817248903E-4 7.596036621533013E-5 3.601211853083707E-4
Chrysler -0.07366553054313559 0.010186128762077818 -0.007312831887919893 0.001083556027147104 -9.193925431595331E-4 0.0022966984118178596 -0.0016433339957125377 -7.143736555647526E-4 0.00887015533602129 7.569710097213565E-4 -0.001173303550446889 -0.0010847446914977019 0.0032317204027855545 -0.0040086638173888 -8.028133558281188E-4 0.0010512617692889326 -0.0011764970913882504 -1.7105938968409916E-4 -1.0098924167036891E-5 -0.001278872954311537
at -0.06412824648219873 -0.002479850582021933 0.0055666677051072295 -0.0030959799975101413 0.0016781233595874728 0.0026814258216359818 -7.330071378233942E-4 0.0035308105758318806 -1.695145214120807E-4 5.282147700236895E-4 -5.26609805368292E-4 2.9368260834848056E-4 3.955578758553316E-4 2.507945705188161E-4 0.0022072466685874852 -3.2779109159669813E-4 -0.0031580138806328955 -8.546831197772483E-4 -0.0018344417172132745 0.0010699509569117
said -0.07142200541221269 -0.002479673894371358 0.0025436956657799584 0.0034213300369606396 -0.002184594030411613 3.5437588038299197E-4 2.0312723403456147E-4 -8.516991476129128E-4 -8.365040268390937E-4 0.0024040749737493524 -3.441848168226766E-4 0.0023211806830874216 -0.0025566651694759837 -0.0017859802521593936 0.001770309948932341 -9.58794113515632E-4 0.0016069707882422472 -0.0028682442668007875 1.0734735419455246E-4 -0.0012013786720375028
The -0.06268906215940119 -0.004305115995675931 0.002418810236359961 -0.0087759929862948 0.0012567563794349348 0.0066761012133307795 -0.0033106801539871823 0.008772091016700598 2.4201523174337587E-4 0.0017488230379356692 5.541952128216894E-4 4.634723327450569E-5 -5.514105697133911E-4 -5.108772508238761E-5 -0.001481278985982226 7.291830744303245E-4 7.25877961006904E-4 5.014800869889762E-6 8.591773942581906E-4 7.245063474291004E-4
million -0.07958246968548359 -9.200631032885136E-5 -3.656039262400372E-4 0.00598747880653878 -0.002196379475652522 -4.253255290355819E-4 1.6818767939260505E-5 7.438593377450773E-4 5.499008114995129E-4 0.0020691890590608703 -0.0017890002578375495 0.003518379259335361 0.002141187490707169 8.229843137141817E-4 -0.0030166426403008813 -0.0014220795461445219 -0.0022974412434344144 0.0022377235244738195 5.600487175078349E-4 -0.0017561419554424009
for -0.06722633827013622 -0.0035356396189122658 0.005502201853285661 0.0018297654942420918 -0.0030243615845366124 0.0017388795654762511 4.1379319969478385E-4 -0.0018162395126649698 8.960150737919156E-5 0.001993283463467446 8.166464714553397E-5 7.987397756957908E-6 2.4294404768742414E-5 1.1001999316789929E-4 5.121851512430774E-4 -1.3072500849951294E-4 -9.580961620052991E-5 -6.919100904172377E-5 3.5949447431343133E-4 4.516516176807025E-4
$ -0.072122826096154 -0.002695818368521982 0.0019780321717973405 -0.002899175750524108 1.8053444043194885E-4 0.0010428819212250826 -5.516138482064467E-4 -0.002744854049417709 -2.514431129945384E-4 2.8449344056448233E-4 0.00220161110879543 -0.0012123603972956554 3.3324417599498724E-5 -1.605366786791044E-5 -4.314931381594626E-4 -7.28919537850378E-4 2.8906693748011533E-4 3.3920764198247415E-5 -4.624022222520637E-5 1.1442614945031462E-5
said. -0.07328294971114285 0.0031916259051754273 0.008847735594327236 0.009162719143094113 0.01597127276132243 -0.0026437282763708096 0.0012981751178556212 0.00233875868909818 -0.003912275173841454 -0.002144659632545953 9.392450681833054E-4 3.5656564034992005E-4 0.003651313627372778 -0.0011417718661978198 -5.194464332214521E-4 0.0026252333778582462 0.004043918211221455 0.0013029582662720865 -0.002152699423582616 -2.241763451910166E-4
Tuesday -0.08663543665417332 9.352344739178915E-4 -0.009761023755435224 2.5824967162155264E-4 -0.0011329290925192854 -0.0020570067104492547 -0.001986844180008061 5.7862377330835207E-5 -9.578669097666016E-4 0.0012873753815090382 -0.0022621271420929694 -0.0015790914061359113 0.0028961493337700006 -3.313936930128125E-4 -3.622905294848172E-4 -3.0527730371517634E-4 -2.735812731800583E-5 -0.0010987368899764134 3.316735688486881E-4 -1.0434237894875058E-4
was -0.072122826096154 -0.002695818368521982 0.0019780321717973405 -0.002899175750524108 1.8053444043194885E-4 0.0010428819212250826 -5.516138482064467E-4 -0.002744854049417709 -2.514431129945384E-4 2.8449344056448233E-4 0.00220161110879543 -0.0012123603972956554 3.332441759949875E-5 -1.6053667867910488E-5 -4.3149313815946306E-4 -7.28919537850378E-4 2.890669374801161E-4 3.392076419824702E-5 -4.6240222225206205E-5 1.1442614945031393E-5
about -0.05262445826639729 -0.005522591537523196 0.004608750425190928 -0.012992125416319597 0.0022384277647192704 0.011131872161404075 -0.00514720664118005 0.0170699515664544 0.0010911736761536246 0.0024769322196919676 -0.0017489997474826983 6.928596710512749E-4 3.39249681265442E-4 3.218676552038796E-5 -8.051382007724818E-5 -5.715949508312675E-4 0.0010956873800697959 2.045749512579628E-4 -2.6606862452231748E-5 -8.628597495216138E-4
from -0.06729239885643584 -9.22494130667593E-4 0.00820824119686531 0.0056255139849238885 0.0056656255044739345 4.5829408311241207E-4 9.113564741265969E-4 -1.8360489922296874E-4 -0.0018172180993220057 1.3077634134788822E-4 -3.636411747622144E-4 6.02058854830199E-4 0.00223088277729509 -4.218458539876103E-4 0.003383341766702976 0.002227405838780407 8.289046428242596E-4 0.0011058670296476233 0.002184311293679556 1.5386684347188403E-4
is -0.07503111965610476 -0.0019132251223730554 -0.0011579979261124732 -0.004394316393546929 0.001335790109241693 -0.0018437228552962907 0.00955649648150059 7.967937635926278E-4 -8.172539002164793E-5 -2.91056798848338E-4 2.550432564223959E-4 2.666327711779506E-4 -3.7814728761568468E-6 4.70854242543277E-4 0.001358495286824117 1.2078319480205452E-4 -0.002314697869859775 -4.223929624449696E-4 -0.0019601302534862485 7.621535127706457E-4
be -0.06889273953436573 6.666176879612286E-4 0.007620309768651261 0.0030356642879753653 0.00934443835214213 -8.028442946997261E-4 6.705609543555742E-4 5.323408358635936E-4 -0.0018529041155869418 -0.0011878380151683886 9.80210090191329E-4 -5.099361738870758E-4 0.0017038421457271642 -5.60625307553632E-4 8.378352081104146E-4 4.14332228489169E-5 -5.308615190768878E-4 -4.1903546708939115E-4 -0.001504000553846363 5.998044330452812E-4
on -0.05902693146249201 -0.005539562242342203 0.006205995394669356 0.013787706952990732 -0.0172443209421104 0.0025759663375699115 0.0023713581878258834 0.007695072082783729 -7.720350335318998E-4 -0.011683817624765334 0.003033279929406317 -0.005923611914045886 -2.737987315697282E-4 -2.47447093698904E-4 3.353712286459342E-4 4.6503868098804355E-4 -5.788774827205383E-5 -4.094467238162979E-4 -3.1738405530798185E-5 -4.040502851211494E-4
plant -0.09609584106321373 0.0011857683892412447 -0.006631994056399362 0.003210388715052207 0.00395254597943259 -0.003391235284033062 -0.0010028081014208708 0.0013688158354977743 -0.001102151762083364 -4.5468926261553314E-4 2.600371480659942E-4 0.001525557306406242 -0.002610153707452597 0.0059296070592210265 2.332271004034685E-4 -6.503523264611843E-4 -1.4269751218432496E-4 4.2991081736495933E-4 4.575270296156564E-4 -9.804384010296927E-4
Mexico -0.07412328074769664 0.002811652721278305 -0.00820419615534726 6.843113676873386E-4 -7.626755675798889E-4 7.462258048219697E-5 -0.0023477725318373425 -6.47943261735595E-4 0.009028868165317228 3.0365113943486957E-4 -5.285913988109147E-4 -9.3324290708159E-4 0.0020130557124697747 -5.860886412218319E-4 5.079435025955002E-4 2.532619838076381E-4 9.596206693838808E-4 -4.619300287488717E-4 -5.545634048305764E-4 4.6359556306181963E-4
. -0.024816456291149775 -9.275934171258436E-4 6.806132204033867E-4 -9.975658496427049E-4 6.211937735292865E-5 3.5884109117422235E-4 -1.8980261443662689E-4 -9.444659094770614E-4 -8.651806038521712E-5 9.789021610820928E-5 7.575436073274597E-4 -4.171562657361397E-4 1.1466466270795344E-5 -5.523842707238056E-6 -1.484707572161594E-4 -2.508110237764743E-4 9.946389246627649E-5 1.1671660799396644E-5 -1.5910614098995737E-5 3.93724385205392E-6
Corp. -0.08710910806146989 -2.89671712291763E-4 -0.008782639894849845 0.005793026088673991 -0.005524647964454385 -0.0022620429904677913 -7.294236617123499E-4 0.004620397347203254 -0.0012725898881202017 -0.006154342836784186 0.002707533762243476 0.0015201639072631619 2.554380350597492E-4 -3.282301680744628E-4 -2.611744200892923E-4 -0.0010948169639463916 2.450673580510084E-4 -1.0453257291453222E-4 2.533621946897639E-4 4.4826310464995636E-4
that -0.05736878317324111 -0.0032327398634620884 0.012166252874985677 0.0059539070304145784 -0.007650160418891222 4.1463544419825875E-4 0.0010406874167353895 -0.0013770071166808906 0.001116459345499269 0.005885485656892476 -0.0035785584713286227 0.0026125654895352217 -0.0015600914534326434 -3.583720496334356E-4 6.34607180995449E-4 -4.544130348932465E-4 0.0023944234002059145 -0.0030605070493013547 -5.869996784689457E-4 -0.0010589123026850673
Jeep -0.07648961035893731 -0.0014810216023665877 -8.962388876299424E-4 -0.001825361849651618 0.0014793385353601798 6.26640786840152E-4 -0.0011451640564208833 5.4492637821629E-6 -4.6073157560843963E-4 3.8734708956458217E-4 0.002549196660643836 -9.821575025484608E-5 -0.002466208103101347 -0.001445553109775335 -0.0026564801653918804 0.0016332332701484696 -2.2824805018796944E-4 2.4803801286745765E-4 0.0017338630540734265 0.0023481723417578372
it -0.07084448251162526 0.00538099050928669 -0.005272127945042167 0.003918812111547664 0.004061424801661481 -1.8772232487297444E-4 -0.002157803605130277 3.7332888076476085E-4 0.011722244073063437 2.5089726478062908E-5 -0.0018725171322646586 -0.0028723002791861216 -0.0012094786357348532 -0.0012346005165041424 2.2977455430163446E-4 7.96328945954883E-4 -7.284722007895678E-5 1.347078419313421E-4 -1.771683906706707E-4 5.109638202959334E-4
market -0.07316155922516791 -1.0438973850316672E-4 -0.001883753686640584 0.002143971069298624 -0.0029727310416177077 9.302396017594534E-4 -7.702772322127242E-4 -8.985821885867982E-4 0.0034493829256127986 0.0015380012289281685 -5.452323170504839E-4 6.681412773124389E-4 0.0024030634496405127 -0.0017003748539192412 1.4533342913231645E-4 1.8120364212214718E-4 -3.8056574415668335E-4 -6.832451318406057E-4 3.321074277775268E-4 3.9488628144846615E-5
Brazil -0.08419792353233332 0.00242425902661188 -0.008678027265593476 0.0016843657114856947 -5.8831165225227834E-5 -0.0012840264295937802 -0.001761423162235382 5.04884982832223E-4 0.003108282382237187 -2.2825859087739165E-4 3.4943781989988444E-4 0.002002876561608345 0.0016755534789239883 -0.00273539577421588 -5.023068997286724E-4 -3.5714214855865167E-4 -5.046499130831337E-4 -3.394338262035508E-4 4.1003994775955205E-4 2.547249206335436E-4
with -0.07037832161428012 -0.001919532895907496 0.003351059644442831 -0.0026770645928933263 0.0017288096947318044 5.713261689943474E-4 -2.332075810602879E-4 -0.001346663492100702 -4.7238908997188214E-4 -2.7181058438279973E-4 0.0013130938744750924 -6.930177479191949E-4 2.5311509944956153E-4 1.4037849433982654E-4 0.0012064888018022758 -6.040132229460032E-4 -0.002240767474086107 -6.117769480554539E-4 -0.0014442262956519 8.041521530719122E-4
by -0.06778507516869997 -0.003509611175656376 0.0050771872774669005 0.001099235528170671 -0.002707523530002425 0.0017080820130682816 2.841603200269847E-4 -0.0020684885740121996 7.912507402826232E-5 0.0018890824947422518 3.620157849670692E-4 -1.6204024276755558E-4 5.629791854513743E-5 9.753078654309786E-5 4.7421603656389716E-4 -1.5267329719679518E-4 2.2655345175325313E-5 -8.12205529919882E-5 3.5304534127238467E-4 4.6426528148037796E-4
he -0.06213789492396216 0.04402344635317211 0.0019703235576677904 -0.0015642484306500012 -0.005035098433878732 0.014485948261213088 0.004402518433971892 -0.0015608907819923503 -0.0053101110382630465 1.8100831013165248E-4 6.268151413163435E-4 9.360534408087372E-5 -7.615954167015573E-4 0.001041278833104153 2.784838781023984E-4 -2.0568736509328863E-4 3.482624537843287E-4 6.563474390643403E-5 -6.398861793308183E-5 2.359099797114677E-4
has -0.072122826096154 -0.002695818368521982 0.0019780321717973405 -0.002899175750524108 1.8053444043194885E-4 0.0010428819212250826 -5.516138482064467E-4 -0.002744854049417709 -2.514431129945384E-4 2.8449344056448233E-4 0.00220161110879543 -0.0012123603972956554 3.332441759949875E-5 -1.6053667867910488E-5 -4.3149313815946306E-4 -7.28919537850378E-4 2.890669374801161E-4 3.392076419824704E-5 -4.624022222520612E-5 1.1442614945031708E-5
which -0.0703101622344532 0.003779690950067825 -0.002319131798478718 0.004339108158919653 0.006380879868334441 -0.0010834627799687835 -0.0017245935004943386 5.240437653328552E-4 0.010479430510993086 -3.468364626386445E-4 -0.0016559274755731483 -0.0036819498055151285 -0.004389384086262689 0.006517964550517574 0.001268338042723775 -2.9280267759540887E-4 0.0013683702233229823 5.572086457506731E-4 -2.0869278136715965E-4 2.5910790465352354E-4
or -0.07212012567876071 -0.0031407446463973666 0.0013913614183940167 -0.0029449136849106407 -1.1217328358297101E-4 0.0015607448165759184 -6.598241527970606E-4 -0.0027205831028334734 -8.224706252639117E-4 -1.6504442647249614E-4 0.0010839185543747 -7.248834439984693E-5 0.0010409510838523645 2.4544668548905524E-4 0.004230873540169367 0.0019368178501650733 -5.659001467976359E-4 0.0015249161565510547 0.0030649443920668868 -1.1857987708092841E-4
Mercosur -0.07668226992176687 -0.002820073715195998 -2.2428538778867304E-4 -0.0037754300186905094 1.9120805932415226E-4 0.0012703652101381197 -9.799802165108293E-4 -0.002335608752745452 -0.0010164013029124066 -0.0010520541001253056 0.001093603233714129 1.3219449902295352E-4 1.397217028426864E-5 6.91274261703182E-4 0.001661657026958038 4.6185882496892303E-4 -0.0014854714381972681 0.0012395676823833165 -6.020098187457419E-4 -0.003463610196287451
year -0.09084342624640758 0.0015457309695768525 -0.008150834618789116 0.0033888787855125236 0.002405530243606551 -0.00342101372340361 -0.0013177159747481738 0.0017655674364368996 -0.003042999219407696 2.6102414878048305E-4 -5.400419640060333E-4 0.0024193466539257184 -0.008338212790127801 -0.006806169000064837 0.0011559366266774085 -2.1738827509114165E-4 -2.1770331621323697E-5 0.002090049981764017 -6.186690783267822E-4 -1.459530461411025E-4
We -0.072122826096154 -0.002695818368521982 0.0019780321717973405 -0.002899175750524108 1.8053444043194885E-4 0.0010428819212250826 -5.516138482064467E-4 -0.002744854049417709 -2.514431129945384E-4 2.8449344056448233E-4 0.00220161110879543 -0.0012123603972956554 3.332441759949875E-5 -1.6053667867910488E-5 -4.3149313815946306E-4 -7.28919537850378E-4 2.890669374801161E-4 3.392076419824704E-5 -4.624022222520612E-5 1.1442614945031708E-5
rates -0.0938966821672595 -4.3978108533066493E-4 -0.013962128186888472 1.1432871467943521E-4 -0.0013165010588236721 -0.005393790468479564 -0.0026541143111048072 0.0010912931836941633 -0.011366212491405993 0.004405581162478004 -0.009664334341505654 -0.009462469349087154 0.0010150276706133714 3.015757914197146E-4 -1.892202589809518E-4 -5.298587950070592E-7 8.243774235301226E-5 -3.0514747252085076E-4 1.2849045262387562E-4 1.888150804485757E-4
Argentina -0.10630416539446093 6.472171813198302E-4 -0.01739906945281985 0.0017817152984868894 -0.0031696296927929586 -0.004623131174870366 -0.0020659513545368867 0.002344444790590732 -0.002714472411909851 -0.0010095051323085644 0.0019038829460665703 0.008179006904989525 0.0030537161896731432 0.0029703791583673995 6.742530538137917E-4 -0.0017917553188094202 0.001368646801364679 -7.469917139308844E-4 8.869515096440927E-5 0.00124027577302968
one -0.08750877055858386 -0.0022743503377894584 -0.004359663139272773 -0.002725037289793984 -5.615932457741021E-4 -4.115082502790629E-4 -9.10875078491979E-4 -0.0022713408559939642 -0.0022879571042274138 6.099520928588394E-4 0.00397390440780958 5.074810605425346E-4 -0.0017104551366859345 0.0019863670812817293 -0.0035826712012482806 0.005956297649222176 -8.808763490306641E-4 -0.0018605290366163593 -3.969188550331991E-4 -0.001227326137065701
its -0.072122826096154 -0.002695818368521982 0.0019780321717973405 -0.002899175750524108 1.8053444043194885E-4 0.0010428819212250826 -5.516138482064467E-4 -0.002744854049417709 -2.514431129945384E-4 2.8449344056448233E-4 0.00220161110879543 -0.0012123603972956554 3.332441759949875E-5 -1.6053667867910488E-5 -4.3149313815946306E-4 -7.28919537850378E-4 2.890669374801161E-4 3.392076419824704E-5 -4.624022222520612E-5 1.1442614945031708E-5
% -0.06536815695005532 -0.003087909180718422 -0.004298901661180488 -0.008598548118683194 3.146280066902406E-4 -0.004486176767826623 0.028745437970386208 0.0030778217779430066 0.002875506238130172 4.4044531916848526E-5 -0.0016165526546811535 -2.5240712079980837E-4 1.937124673477672E-5 -3.8663134504585345E-4 -6.215884355092182E-4 -4.0890685231698426E-5 0.0010192757046954529 1.7362936720326545E-4 8.130790887455437E-4 -3.057549648703841E-4
8 -0.072122826096154 -0.002695818368521982 0.0019780321717973405 -0.002899175750524108 1.8053444043194885E-4 0.0010428819212250826 -5.516138482064467E-4 -0.002744854049417709 -2.514431129945384E-4 2.8449344056448233E-4 0.00220161110879543 -0.0012123603972956554 3.332441759949875E-5 -1.6053667867910488E-5 -4.3149313815946306E-4 -7.28919537850378E-4 2.890669374801161E-4 3.392076419824704E-5 -4.624022222520612E-5 1.1442614945031708E-5
markets -0.0887653091304329 -0.0011699995193004185 -0.0076746429939269535 -8.15197098854857E-4 -0.0011872535297559447 -0.0020476531989226535 -0.0013841215109514924 -3.363290443720168E-4 -0.0031869262243341624 5.051285410140762E-4 4.177568918757632E-4 9.503682962286329E-4 -0.0010183229366045937 -3.665411167283442E-4 4.1032490415413437E-4 -4.941840884640717E-4 5.402556585385242E-4 0.0011042727937990227 -6.149766607244222E-4 2.4229680645857735E-4
