<OOV> 0.7222314225830062 0.003821580348281265 -0.0038603764637289138 5.540345572535879E-5 -3.1115057746503277E-4 -1.6762220379958328E-4 -2.5089220009041994E-5 -3.6109148965508635E-4 1.6092261001475795E-4 4.339579228547195E-5 9.333198600790291E-5 -9.924662872080506E-5 -8.000662234336715E-6 -1.2513477843020994E-5 4.196364884584831E-6 -3.4751147116898375E-5 3.368854506100617E-5 3.1770299034001915E-5 -5.793202845485359E-5 -4.082966056260178E-5
, 0.0659951791864013 0.007104781364920143 0.017892732093737946 -0.009861084699138909 -0.004147482432288806 -5.504033658837925E-4 2.626199697149687E-4 8.169609850063731E-4 -5.743272878818912E-4 -7.641679016155952E-5 -4.7660692648141554E-4 -8.39900752147779E-4 2.8247543790486647E-4 5.765863277804337E-4 2.6916449647964588E-5 3.961563670784142E-6 5.2173080309017E-5 -1.893526361395653E-4 3.43566701944197E-4 -2.8045984215018725E-4
the 0.0702209224973791 -0.03168852583614037 0.0025122367042117125 -0.0014747209495541002 3.9403011188888983E-4 -0.005306609469655532 -0.00119898505886548 5.43527281976363E-4 -0.0016066013721120374 -8.061733120086781E-4 -1.1286462834394081E-4 -5.92921636782487E-4 -6.622273083267742E-4 -4.211083096098134E-4 -1.8032252551054186E-4 1.6114086258611855E-4 2.6737027184439553E-4 1.9032521189034634E-4 1.5659226957386697E-4 3.6523593816346325E-4
in 0.041010117867448924 0.0032043804895959273 0.01128958074385788 0.011509034770114609 -0.001767816502606588 -4.5821897342456983E-4 -3.3183108369445603E-4 -2.4890545031897146E-4 -0.0017741443144513602 0.0014988478527734922 0.0013626170780509802 -3.2147393647126394E-4 -0.001348851386177226 -3.188624982178475E-4 2.626014291252033E-4 -9.990076315041375E-4 4.7623846797465716E-4 -9.435954118517655E-4 -4.5159949190000327E-4 -1.7797515931311565E-4
of 0.03059685759678396 -0.0036812067823240565 0.00560059850239924 0.006465710119207082 -0.0020332871511969516 0.0017524450831221472 3.759514717888982E-4 -4.775886539354588E-4 9.719146045396956E-4 -0.003745144087782077 -0.001154701684107926 4.3472387220115107E-4 9.96111898754626E-4 9.996759006326368E-4 2.907613605927135E-4 0.0016163958860614513 -9.689737681089121E-4 6.631282462293023E-4 0.001148206840302899 -6.20765284945184E-4
and 0.03612341141779361 -0.005080162226939376 0.005427737841688 0.0026144834972139566 9.392561054939538E-4 7.435623671545342E-4 3.993259476951737E-5 0.0011682537532555473 6.318568817081844E-4 0.0012546282715124005 -9.462225947312567E-4 0.0011771473021581608 0.0014143134260712292 -0.0014447517413540328 -7.037637754641335E-4 -8.950327131050773E-4 -7.620425742761604E-4 0.0012377042271580281 -5.512153614970152E-4 -9.226146902219222E-4
" 0.029940809949272514 0.0023782770557947397 0.006743492157806697 -0.0015551123692128714 0.010132681397870562 6.484916782321854E-4 1.288298612758037E-4 -0.0043889455475307594 -0.0025459989580142975 -3.8535911270951587E-4 -2.7054007696869194E-4 3.9299171263594313E-4 1.359345855709399E-4 2.376365907619003E-4 5.114595283983806E-4 4.2647307504098115E-4 -2.6545119128741927E-4 8.378027979102288E-5 6.901543473107706E-6 -6.707856418024046E-5
a 0.03863843931594687 -0.007377372216134379 0.003453524813483876 1.1395097095371298E-4 0.0035679195166838313 4.8171945087192657E-4 2.5124611135057866E-4 0.002161345156281527 0.002930064610374988 0.0024540212050649254 1.2139822961459903E-4 7.939987037077998E-4 4.175832936549206E-4 7.774668234746858E-4 -4.7923109705117953E-4 -6.160830415552556E-4 -0.0013865391368284245 -0.0014487548867038505 0.001233520973472933 -6.066815526831806E-5
to 0.026197609427062857 -0.007464398554592303 7.715610524700853E-4 -0.0019825787065752168 -1.1746944317695088E-4 0.007933414726390638 -0.0016347389160160648 4.061566960244496E-4 -3.3587313816382434E-4 -8.173820457614036E-4 -0.0012573720694896904 -3.1754170765995496E-5 -9.891031951166597E-4 -0.0024499914022245712 -1.9185202068624322E-5 -9.128020651595158E-4 2.750107634288841E-5 -1.8350375146868882E-4 1.7374998292843033E-4 1.0048512720388777E-4
's 0.026927543368947655 -0.0051979162842177495 0.0018244912281907355 1.7363175225970027E-4 0.0012320278811034423 0.0011165182386387858 4.0534871796426616E-5 9.27846459801898E-5 0.002005434508584954 3.629294328392808E-4 -4.310215546135116E-5 4.5139313429305516E-4 9.771278771423951E-4 5.93862726609161E-4 -5.2511314680968186E-5 7.776189541631554E-4 6.802860148190488E-4 -9.768938531299666E-4 -5.335677733967197E-4 -5.4482354481104935E-5
will 0.01896185080796479 -0.007955933884163364 -4.864883169352457E-4 -6.519264048791898E-4 -0.0011518744617451718 0.0055029853451146835 -0.0018530432221967083 4.032548523612722E-4 -0.002557128434879481 0.0010468889417979967 0.0027925212188704496 1.5772049784162752E-4 -2.1220998133349942E-4 0.0028106829493245 -0.001145984058335818 7.754675341443085E-4 4.876858174321352E-4 6.449327089038578E-4 2.215858186812765E-5 6.93313321451175E-4
Chrysler 0.015271592118314034 0.0036911174570919704 0.0016878814563388016 -2.2338654859238607E-4 0.004268888637952081 4.2494052705086325E-6 0.0013633684588275224 0.004909890864280718 -4.3506289010438517E-4 -0.00256039455046687 0.0030333923674322446 -1.994779834880456E-5 -9.24951588943585E-5 -0.0010288681324411369 8.62622556705359E-4 5.85068604118176E-4 5.957912860657977E-4 -5.037035140801338E-5 -0.0010089865949703732 -1.4771770277328874E-4
at 0.01627702258592213 -0.0012133180515461106 0.0021313000689448807 6.798214814951009E-4 3.7644329690999953E-4 0.0010956873128821734 4.99710915347017E-5 -2.852059869852154E-4 0.0018792930038164768 -0.0017565634671683037 -0.0019651290543249624 6.468177627859682E-7 -2.1252873514885991E-4 1.5237390527021784E-4 -3.25352859401008E-4 7.92375092146239E-4 0.0016710014061237827 -0.0013079593394606055 -7.720483665783585E-4 0.0015929769680061501
said 0.011422597170648389 3.0641853519050593E-4 0.0019285510149464145 0.0017016904800468058 2.3465206985643218E-4 3.28894395028904E-4 2.3123533556705818E-4 0.0014190724548152128 -5.514346379267282E-4 2.5897256448995467E-4 -0.0012296203370045302 4.557963681424342E-4 9.802457104818804E-4 1.3758240284396919E-5 -4.3522161203364573E-4 2.9959713997551585E-4 -3.4869577000766277E-4 0.001577658634619166 -6.91945135692178E-4 8.487138203914279E-4
The 0.011838017134091335 -0.0031662182325327185 8.755580057377035E-4 -1.8277279539372418E-4 7.602374355001086E-4 0.0011359917021509242 6.785134904007519E-4 7.576446860364022E-4 0.0015851470490051097 4.2313411452180293E-4 -0.001213848818620098 3.145794479837383E-4 -0.003082404666641328 0.0017288524886405938 0.0022034551455386436 1.881390568227454E-4 -6.315357998065356E-4 0.0011159728336635603 -4.479651773370843E-4 -0.0011462861859500917
million 0.008563709023493142 0.0021330286081684296 1.6579917336881003E-4 4.3869565366460374E-4 -2.774018644221354E-4 6.852416451349783E-5 -5.867721704709026E-7 0.0013423886247361958 -0.0016172456071035083 4.4874876703169804E-4 -0.0019564639279306237 -1.8890123773851757E-4 4.0382457443322527E-4 -3.2985433577479575E-4 -2.1538479233847553E-4 -9.499311000526255E-5 -7.476125069060939E-4 -4.795769555675747E-5 -0.001615464337567103 0.0014225257793474284
for 0.011254548883031023 -0.0018292772380361477 0.0015171458190187939 0.0017311554224761654 -5.409014710759886E-4 -1.070876847755763E-4 -1.832534518308037E-4 -8.592934455105991E-5 6.985293708711107E-5 -3.902552698182987E-4 -1.4516208409067404E-4 -4.497451327117006E-4 6.694856468596808E-4 6.377432659275157E-4 -1.2678653322157092E-4 9.81759608899702E-4 2.002377572279318E-4 4.591523745171661E-4 -6.304856750405355E-4 6.965014892982116E-4
$ 0.008715445816353223 -0.007382064045059251 -7.273080172917897E-4 -2.0680015471855807E-4 -0.0014456677804071162 0.0017827469326117602 0.008070740649505956 -0.0011554395961570485 -0.001125825209954728 5.525413583234815E-4 6.605696350806521E-4 -3.7847198261022107E-4 0.001061611541369017 -3.7910439426284433E-4 -9.711479898206342E-4 -5.201601988902053E-5 1.6292296343650172E-4 -3.086304386733559E-4 2.1428918038053605E-4 -1.0712845242513267E-4
said. 0.006257612650628397 2.5413033100223016E-4 0.0017528722208218766 -0.002406391003897389 -0.0021813075410146766 -8.832711207678827E-4 3.9021796483400685E-4 -0.0012322603840038704 7.909436076447077E-4 -2.824048704325117E-4 0.0021081484359574887 0.005264238542071664 -0.0010154759172374226 -5.890031846339166E-4 -3.278567592973657E-5 3.305961193116736E-4 -0.0010467844263824494 3.4985882874702054E-4 -5.567863174773683E-4 0.0012679389956631816
Tuesday 0.005653626999149621 5.505006491653985E-5 -0.0024678580636809788 -9.287730653417561E-4 -0.0010589100666482647 0.0010471642136642989 -1.6208164077850703E-4 0.0010591955026504512 -0.0025446820555897563 -2.577820389404785E-4 -1.8792714818371885E-4 -6.582518216798147E-4 5.473205095829619E-5 -8.187059304746216E-4 0.0016183557136898823 6.396560973740609E-4 -0.002497826403462853 -0.0013018477308735581 2.659318138972542E-4 3.334668733651117E-4
was 0.011763953070324103 -0.004667714045593206 3.581015803750456E-4 -1.31700296555776E-4 1.0154757494725332E-4 8.130909565161552E-4 1.973581516004132E-4 3.7764662345109287E-4 2.0628581508394978E-4 3.1292123423827637E-4 4.1138902101479224E-4 3.7762845123176156E-4 7.503296048769456E-4 2.6757508760220244E-4 3.951162630650167E-4 1.377943389598555E-4 -3.1774836496451176E-4 -4.997284558468773E-4 -1.9381021673626957E-4 -5.418670779009847E-4
about 0.007894136768459258 -0.003112578130546507 4.8168083734709824E-4 -1.0542898319113127E-4 1.3463418875395172E-4 6.222694325752296E-4 0.0035568140015022447 1.2450946063008643E-4 3.6456390916146853E-4 2.446963382320628E-4 -0.0011027805662652095 -4.488385679587592E-4 -0.0030710449813253294 3.9479410599946654E-4 7.886232799840796E-4 -2.804857339022885E-4 3.026395532702613E-4 4.396011076289714E-4 -4.880591368734687E-4 8.204575052784046E-4
from 0.008283422773515611 0.0013490106859274447 0.002220327476851325 3.95830085775609E-4 -1.929223594969217E-4 -5.04150414217352E-4 -4.671967052058972E-5 -3.7381217105144813E-4 2.4554073038392883E-4 -1.8402721988442397E-4 3.093373725733943E-4 0.001019042308328086 -2.372923745184696E-4 -6.967275618528596E-4 -9.620569743341591E-5 6.998283214670354E-5 7.577749655275914E-6 3.4054073998072846E-4 7.81385657948198E-5 -1.5323338275447033E-4
is 0.009022552270622134 -4.279809297855447E-5 0.0011414121684571318 -6.172402635738318E-5 0.0012377675609293731 6.151359874435318E-4 4.688740632400279E-5 4.793067601535873E-4 9.654792498034136E-4 1.2396014478417613E-4 -7.861064408253045E-5 1.5200452984405501E-4 3.861778678858868E-4 9.78453188987472E-5 -2.532057623113315E-4 5.391109307973184E-4 7.932464083760712E-4 -3.95476864405692E-4 -1.8003419474388639E-4 6.328804412466582E-4
be 0.006149697417983392 -0.0021189953192821786 6.824515052585775E-4 -0.0010140997104438473 -9.834599882199255E-4 2.374895923545416E-4 -3.060798893467454E-4 -0.0010592832657092901 -9.768196769053257E-5 -7.980366687412445E-4 -4.722805295340256E-5 0.0013868816236758932 -2.9411073444159726E-4 -0.0015826932144432674 -1.4771389757354357E-4 -2.1418122458403038E-4 0.0013950162981607808 -6.202667152360714E-5 2.7702850913796252E-5 -6.582840633437896E-4
on 0.007299698632182119 0.002524458649665011 0.0021369812604063215 0.002426712697156592 -1.0697919232156665E-4 -3.1247326999890606E-4 -2.070471317380484E-6 -1.872206880390599E-5 1.6051522922876479E-4 2.494513264502456E-4 2.0394679172221314E-4 -2.792786906494575E-4 -5.85167139034812E-4 -7.203758429137721E-4 2.811676335746796E-4 2.1155378550136131E-4 1.0913574416127461E-4 2.0351252603858673E-4 0.0024894876680435947 0.0023420683241300905
plant 0.006314280387544181 0.0019247481594754788 -9.622147441247881E-5 -3.2399068980891E-4 6.409667086223828E-4 -4.4123018383936975E-4 3.0204589635615675E-4 8.100551377264631E-4 -2.4829561435906682E-5 7.142581841929103E-4 -6.881190605842383E-4 -2.3259434146766215E-4 5.166408168132813E-4 7.131493392883655E-4 -2.763747213928292E-4 2.2636873291837493E-4 -1.1458731833024985E-4 0.001558200548827226 -5.077332428971758E-4 2.3650510806876772E-4
Mexico 0.007472680182719861 0.0011789425369161063 -0.001039041671125209 5.382731213933039E-4 5.082980795657486E-4 -5.882135692894235E-4 5.005150489434078E-4 0.00119528782075997 -5.57319845453844E-4 -0.0018991024128365488 -3.8944576977795853E-4 0.001038348162707387 -5.398917519947918E-5 5.907498941950942E-4 -2.856215352608455E-4 -1.48321615791729E-4 2.471125667983023E-4 -6.165525091279685E-4 4.136440652267218E-4 -4.866867056270294E-4
. 0.0032951135653249163 -0.0010345009712981379 -1.1555996695459296E-4 -3.3020987884118655E-4 -2.7985609598471875E-4 6.062849304140187E-4 -1.4221285428442343E-4 4.322624694841028E-5 -2.857646601445052E-4 1.2642167945806277E-4 6.0054863087882066E-5 -2.642049578198221E-4 8.543158119254087E-5 -1.0056694730944336E-4 2.406863419455258E-4 -4.25413176538965E-6 -5.493256493246813E-4 -3.410303725851175E-4 -7.140716317062407E-5 6.0367763395741905E-5
Corp. 0.007523189644401997 0.0047531107176923115 -3.3667042017677864E-4 3.1049548792225765E-4 0.0017586460264074968 -7.413711907575236E-4 3.869980003748293E-4 0.0019342098402020313 -0.0011451212189054595 6.711906219147996E-4 -0.0014675591836000174 0.0010779217820058552 -4.3654288095561976E-4 2.0366070374425128E-4 -4.629408064184753E-4 2.1522443203056237E-5 6.21820065224623E-4 -1.080956752644021E-4 0.0016210733445734548 8.35608152185501E-4
that 0.006092914789102317 -5.408512666251654E-4 0.0016568368543587553 0.0011726641872741922 1.5324892650079618E-4 -7.906876706159765E-6 -1.0044323512476237E-4 1.0893476668522794E-4 -5.579616022251056E-4 1.967535047686026E-4 -5.976622506616579E-4 1.0125408181362009E-4 3.903526733954375E-4 -7.477634639272786E-4 -1.7795228520687246E-4 -2.5168911182078026E-4 -2.7098089338842296E-4 6.466158668745051E-4 -0.0011246879659979091 2.093818940894487E-4
Jeep 0.008000885280924965 -6.460277114654871E-4 6.77382310827138E-4 -1.096436215132272E-4 7.512378741755919E-4 8.694457570774794E-4 -1.2377110945175512E-4 4.863994654129034E-4 2.009224931608547E-4 6.84530350695084E-4 3.6329482504880945E-4 1.5526780549740858E-4 -3.249448662855556E-4 -1.218864671113973E-4 -2.6262484839612704E-4 -5.134811429340825E-4 7.610260629438139E-4 5.618212522284254E-4 6.809967388974396E-4 -6.282475636237247E-4
it 0.00712622635098695 0.0022323991819475576 0.001084577722562801 -2.2356001716715085E-4 0.0015031015428715704 -2.6376015360429485E-4 2.9361668973995283E-4 0.0014654833845700681 6.117869325639142E-4 -3.0080073263408632E-5 0.0010136926852251731 -5.745320755057829E-4 -1.0135140950459981E-4 -4.423533421869101E-4 3.391184797355886E-4 4.117530310186892E-4 5.031497290533164E-4 4.365150648929722E-4 4.987506279890509E-4 1.0571262867456218E-4
market 0.005288666422641268 -6.109527209268782E-4 -7.441236821734934E-5 9.93809500518624E-4 -8.359330488598941E-4 4.847607283411719E-5 2.808325154498685E-4 6.623325085743578E-4 -9.024450864322083E-4 -8.362649077794807E-4 2.7357616398405044E-4 6.388514090169198E-4 3.558074768956651E-4 3.43496453078315E-4 5.061075308041819E-4 7.565143683612848E-4 2.7407447449284195E-4 -3.8194405977373615E-4 -4.106564092052936E-6 -6.951783369631076E-4
Brazil 0.0064255469994731855 0.0021333591586072164 -6.691047041422589E-4 -2.264769165354868E-4 7.286838732958488E-4 4.925358624020456E-5 2.6398233991537255E-4 0.0019008252929510327 -0.001379971386626149 -2.5106893657046655E-5 -3.2301227728769423E-4 3.5596238509181367E-4 -2.1015894638614163E-4 -2.0658848012950566E-4 3.48327022110403E-4 2.2956527893657478E-4 7.776792451042295E-5 -5.980791332141997E-4 3.827858193812944E-4 -1.0643276907711902E-4
with 0.008905916449565494 -0.0017681240704545504 8.350817916272494E-4 -1.356715817344766E-4 5.914952393134399E-4 0.0010223216622717746 4.685736954648383E-6 1.9094973864261454E-4 9.478411512918185E-4 -1.4958663381699536E-4 -5.230679211490031E-4 3.1619750874456806E-4 3.9057964263172757E-4 1.3753528199869937E-4 -9.906989850522003E-6 3.929719831433672E-4 1.722837805493191E-4 -4.711979095087512E-4 1.4111782403278527E-4 -9.473440783074196E-5
by 0.008055171299443952 -5.868347686721804E-4 0.001407420944396061 8.277436660769798E-4 1.483979402853096E-4 1.494954123193196E-4 7.968333977053492E-5 2.8857203986991164E-4 2.1936052840540343E-4 2.4797654599044167E-4 -1.1950435875946671E-4 -1.0605291311215032E-4 3.8060319115601997E-4 1.7886100264445163E-4 -8.983222506279862E-6 1.4474432734738906E-4 -1.768257093044707E-4 4.658312066416005E-5 -2.3910480088155223E-4 1.56987816664918E-4
he 0.0021780511907128746 0.0018155530916833611 3.9761244639559696E-4 -3.685025677606199E-5 0.001236925695281252 -1.8786173057992072E-4 2.2847262945827266E-4 1.5179747296028507E-4 4.2101168917742747E-4 -0.0034610362722599726 6.487036962520165E-4 -5.973426914902358E-4 -5.547682329159694E-4 0.0014927031237783003 -0.002065862224926456 -0.0033748929481293303 -0.0013545280530808126 4.629080185023892E-5 -7.685459275204877E-5 5.439669408896544E-4
has 0.007935140302789943 -0.0024016865755225707 1.6803686136984211E-4 -3.307342766301328E-4 1.8915269538662458E-5 9.191058683992386E-4 -7.16306759026646E-5 3.8780972943042435E-4 -1.5824744894924194E-4 2.659620820706375E-4 3.0659282998977787E-4 -1.0322119472844334E-4 3.636610077353476E-4 3.8622527448979116E-5 2.1012661554806647E-4 1.368226425810729E-4 -4.654370497935529E-4 -1.3236140947555977E-4 -1.4948252267453583E-4 1.4704012842818888E-4
which 0.005016627874954323 5.366828789055083E-4 7.597847682630308E-4 -2.4381671098576364E-4 6.53170526013693E-4 -6.531281195961543E-5 1.69139544748747E-4 6.165603706353591E-4 5.064438896269009E-4 3.590972444053968E-4 8.126984203483958E-5 -3.140681630175899E-4 3.246740679781928E-4 3.86849311338182E-4 -1.6702350974540583E-4 1.5758242574094846E-4 1.609267488683454E-4 9.258778885668377E-4 -2.0449177460830895E-4 9.337422496209656E-5
or 0.005078011879324195 -0.002787879261636291 -6.522968854522222E-4 1.317656089749967E-4 -9.171480168523186E-4 1.5918806940496273E-4 3.471099421734279E-5 -7.148816668297516E-4 1.4451193048827278E-4 -3.448971205022118E-4 4.1484534926204946E-4 1.027196018317511E-4 2.3230948376794957E-4 -4.54350735488332E-4 7.012897289760153E-4 2.1549381481180636E-4 -3.0947778450199674E-4 -2.4294607751536805E-4 4.898138428336811E-4 -5.214158519377648E-4
Mercosur 0.007914594350089179 -8.263757676310564E-4 8.585711479188463E-4 -5.248237730255523E-5 7.670140211854822E-4 3.748720756104988E-4 1.0947356431844184E-5 4.808958753817677E-4 4.379906322889417E-4 3.849189594387041E-4 -3.88663343574113E-4 8.586063332323516E-5 3.0083855010115234E-4 -3.1793978165678405E-4 -2.2149585898182373E-4 -1.5111689282833358E-4 -1.672792876960046E-4 8.212662940174514E-5 -5.326125939154371E-4 5.060735156373476E-4
year 0.003146110311368635 8.977178304477128E-4 2.9427728168587326E-4 -4.495574701503305E-4 4.597886322085817E-4 5.690696563642546E-4 -7.128602340487206E-5 6.868618852894043E-4 5.787781174117091E-5 9.847310765935224E-5 4.340609849839128E-4 -3.2815873913383703E-4 -1.2472347039878297E-4 -8.61804112382215E-4 -3.2236443202498665E-4 -3.226229306037824E-4 0.0014380873053397515 0.0017215900486092749 0.001059810740831708 -4.037948397240103E-4
We 0.009857456017254292 -0.0010361044699582136 0.001016295110911753 7.907665257837022E-5 0.0010745673034710157 2.7467856002733575E-4 1.2610451113377892E-4 4.2568344471313936E-4 6.479526822597273E-4 5.04981431052861E-4 9.741376003917286E-5 2.0297842598960213E-4 2.5946805247325903E-4 1.3176492821402467E-4 -8.441387450971511E-5 1.295296890569008E-5 -1.400131350481974E-4 -8.942580244729719E-5 3.436225984120568E-5 6.816283000582963E-5
rates 0.003187192430567565 9.040525326711016E-4 -3.096358181851041E-4 9.512289236221383E-5 3.31711583483136E-4 -1.1801740612070845E-4 5.374082524426588E-4 -1.5933801205868302E-4 4.244900519127532E-4 -1.8949422242555046E-4 6.985785973299545E-4 -9.132007385610181E-4 3.80688305766861E-4 -8.508286314967887E-4 6.112769635245325E-4 7.824750326728383E-4 -0.0013946086401077252 0.0015945474654265551 9.773923053846638E-4 6.685111450297729E-4
Argentina 0.0016482481312761548 0.0021473723763668707 -0.002683405895118573 4.4114858315803834E-4 2.4202331196733775E-5 -7.0077188634897E-4 4.475487359759954E-4 0.001814556053135932 -0.00321057989029012 2.952541835137112E-4 -0.0024359121077423586 0.002469209982266022 -1.8806195499411906E-5 0.0011057323004793832 -6.026601608647679E-4 -2.1410532583644205E-5 4.18846173018214E-4 -2.543782151058346E-4 6.007360690797849E-4 -7.6746587369691E-4
one 0.005025079857869596 -0.0015032909930306922 3.3713659140833766E-5 -1.1450195813018413E-4 2.4323559404188313E-4 -2.0589736267125793E-4 -7.884639657238719E-5 2.54997721420643E-4 3.246161100795774E-4 1.5420063648150678E-4 2.0479672013442232E-4 -2.4064375814081973E-4 -3.084618795322142E-4 -3.293917888722816E-4 -2.3302685968867382E-4 -8.03505544183069E-4 -3.1224756537075334E-4 -2.8991673728356155E-4 1.1456781163519005E-4 -6.480803945916702E-5
its 0.008148830307596878 -8.565130284987901E-4 8.40137291687049E-4 6.537003279811942E-5 8.883089708693732E-4 2.270676096225974E-4 1.0424639587059065E-4 3.5189831429619515E-4 5.356408840013746E-4 4.174513163370317E-4 8.052870829904951E-5 1.6779549881807107E-4 2.1449359004456077E-4 1.0892567399026034E-4 -6.978213626136442E-5 1.0707787628703741E-5 -1.1574419163984318E-4 -7.392533002309896E-5 2.8406134802063292E-5 5.634793947148578E-5
% 0.005048680483076155 4.0959192565868485E-4 6.657644345391975E-4 1.2173256813005955E-4 8.571921234466245E-4 6.534820081797176E-6 3.5318868834152054E-5 3.2672379393280487E-4 5.362508447593549E-4 2.2746808612751664E-4 -2.2654692572426377E-5 7.427017698326274E-5 1.232988102687562E-4 1.3467889368459505E-4 -2.030868817042887E-4 2.470948346580822E-4 5.689018003889796E-5 -3.804634637793723E-5 1.5886296879255061E-4 3.6187191540528526E-4
8 0.003839605263452259 -0.003975218746573178 -4.7000747882771136E-4 -1.3369286726226367E-4 -7.615849493572048E-4 5.002038078917903E-4 1.9832045010713506E-4 -1.9678858480074034E-4 -2.719867292463842E-4 -2.0076087643273617E-4 7.588551865448508E-5 8.945473179902349E-4 0.002517231428569943 0.0011032390088961826 0.003876430704404829 -0.0027390488292176178 0.0011976673220351311 3.105094204328199E-4 1.7142987100203502E-4 9.471367034321676E-4
markets 0.0031985263899444267 -7.301435987610155E-4 -0.0010046977384707723 1.0793187779482052E-5 -9.85672943241474E-5 4.350667932571214E-4 -1.2614151112388946E-5 4.4627380916007285E-5 -5.238298490303131E-4 -7.93111976966119E-4 -7.100625160815642E-4 5.443992028505284E-4 1.9074864588182187E-5 -2.0117122881579445E-4 -4.553246512690403E-4 -6.360819118095373E-4 1.692911635863336E-4 5.666716870091615E-4 7.155771526601538E-4 -5.41376021020226E-4
