<OOV> 0.7144956155630464 -0.00316506644993362 -0.0029015607123653773 -0.0018670388690620384 6.733462425135639E-4 1.2164155626141285E-4 -1.490393315497192E-4 -3.9095517049811445E-4 -4.943541638385597E-5 8.997499847246064E-5 1.093418782564526E-4 -8.758104866024891E-5 -1.0881123860225475E-4 -5.845320976284534E-5 -6.650192392306893E-6 5.654470562724602E-5 -3.036528589027962E-5 -5.3102663355251616E-5 -9.439031109354552E-5 -2.3628517620561398E-5
, 0.07911890159804298 0.025996257076673194 0.009253519654806884 -0.0037970762231522817 -0.0011879558940553361 0.0033506183359871193 0.0039178007435558306 0.0016878635811915395 1.3866843485006003E-4 -7.881754868326251E-4 -2.888388372016375E-4 3.0223482575751333E-4 3.6362068782566886E-4 -6.779079871494972E-5 0.001130029845190248 -6.663932993820204E-5 2.4691719528443753E-4 3.5830038477158854E-4 4.155187579916246E-4 2.834651133228229E-4
the 0.06071708787678047 -0.01586881656777614 0.017549224135008916 0.0028674673625700316 7.39010095322735E-5 -0.003450975739862769 0.0012647502899710934 0.0012580456062274033 8.763462398287145E-4 -0.001113355333093886 5.5919782650177E-4 -5.117641455963574E-4 -3.859367112034787E-4 -9.116304419260086E-4 1.40841597210452E-4 -3.592703650376023E-4 -4.141060233548055E-4 3.9140779999841335E-4 4.991864235399902E-4 -2.979308877665571E-4
in 0.048472742543144105 0.015066381235781206 0.0021072180841299366 0.005202906991766825 -0.0010973600714763992 -0.0069105775584003305 -7.065314087061953E-4 -0.0027713414320499658 -5.259164553995844E-4 0.0016957196977756442 6.192900454912423E-4 1.8149876502903187E-4 -2.1731448506894023E-4 0.0018181663054746592 -7.836848584982175E-5 -0.0012582175327602687 -0.0011709643101414184 -2.242602818170872E-4 -2.5122212315195587E-4 9.927501429526629E-5
of 0.03443252147458166 0.007620992151946053 -0.0036271174017031248 0.009572027881513795 0.00215248602468878 -0.002977856766731187 5.115407263698464E-4 7.548633292660124E-4 4.671261860879761E-4 -0.001156559542171456 -8.516742541504689E-5 -0.0013644599199578195 -7.626449447684033E-5 -0.0013633243441260841 -1.0177874660710956E-4 0.0011629416902605048 8.604296613612553E-4 -1.0262323915092912E-4 4.5395074015712976E-4 6.847793685224241E-4
and 0.03310339150682711 0.0013657134760075057 0.003140596908431256 0.004732550567129034 -0.0028336776851541354 -9.624611220342998E-5 8.965701463819083E-4 -3.014891081862825E-4 3.6296923641482385E-4 0.002385363196259295 8.106759048885074E-5 0.0020330685390472975 -0.0011600604060437942 4.0521914743888273E-4 -3.7516849724411095E-4 7.136114439172975E-4 0.0026883194858169502 6.228112784017808E-4 -0.0012375468789640924 -4.777872763357811E-4
" 0.029013701588373794 0.00433569990376685 0.0018087054171477494 0.0010735054810011206 -0.009252537877717258 0.0016335529113681775 -0.004446588755481083 5.050735822124747E-4 -0.0010881634248700554 -0.002963062031310613 -1.2841019561274204E-4 -0.0010970297600268477 -0.0027621741651673373 -9.514695215053698E-6 -8.905354739392343E-4 5.513146479914293E-4 -6.207241398342502E-4 -6.519916389460463E-4 -2.7964357994656385E-4 -1.3950014955280032E-4
a 0.029172711359046644 -0.005476939938251872 0.0011197954443526743 0.006198942282320826 -0.0033144971125177412 0.0020070981494289698 0.0015656609297389319 -6.492313237201022E-4 -0.0010096505602465744 -0.0015359886960192891 -0.001135108268444842 -0.0015972415358447849 0.00319854608310672 0.0022407700063856503 9.792724224341482E-4 2.323005125401224E-4 4.07823625736152E-5 8.298813301692665E-4 -6.328349013122198E-4 -1.8399078002369354E-4
to 0.029660553744004642 0.005457767750108856 0.005171730610872577 0.002987368202059644 0.003526810073926082 0.0034126112797211263 -0.004662608583611876 -7.819801264799497E-4 0.001074801356729528 1.7799253080230326E-4 -0.0010331910604865614 0.001549371286602481 0.0013676046335012104 4.732906787863315E-4 -0.0020034594750691225 -6.37761328230344E-4 3.929765540495704E-4 1.9325121897490187E-4 -2.365881677662705E-5 -9.768265392057502E-4
's 0.021167166294918355 -0.0033371704723473847 -0.003491112482283871 0.006368431725714241 -0.002152303664212953 0.0017110044278481847 0.0028702564641408307 0.0014233548818253514 1.301939053040838E-4 -7.386341215896038E-4 -1.4515557773901215E-4 0.0039359800915543695 2.0808583683480856E-5 -6.960053574929354E-4 4.310304194946676E-5 -2.891741568345259E-4 -4.383551172291191E-4 -8.174736667073349E-4 6.582924382850799E-4 5.561033477256143E-4
will 0.017569066015892483 -3.802061818712728E-4 0.0015016492164705321 0.00505336317078436 0.0022403056020248837 0.0037509037550404606 -0.003413854884171655 0.0016425752610678297 0.0028699358485818915 0.0022747405411446147 8.109852983600063E-4 -4.448612179043607E-4 -7.42627152356252E-4 0.0014759080162750778 0.00236564611421031 2.2143525706254377E-4 -0.001802059342510965 -6.486982121226331E-4 7.063005254144542E-4 3.3549741845775253E-4
Chrysler 0.01459307919297469 1.5809783632812242E-5 -4.979952011018934E-4 -9.70679957384907E-4 -0.00581574704257394 -4.4613617710686116E-4 -0.0016959137021000641 6.928234234107577E-4 -1.118101216648448E-4 0.0019429199416382565 0.0012981549733249098 0.001389029005831532 0.0027831425746773393 -0.0021266856936397573 -9.204976035825083E-5 -1.294213669958033E-4 -3.412183020857587E-4 -2.651583477036054E-4 2.2949019185101264E-4 8.257609112476835E-4
at 0.01441012725884575 0.0018273155004317615 -0.0014928205391589217 0.0037188425647861323 0.001965764270859867 9.158255325859351E-4 -7.158722731991264E-4 2.896935802010605E-4 4.014553623089694E-4 -0.002182931086068712 -2.4112761421787862E-4 -0.0011347832641208277 0.0013558853848078991 -2.468464688146487E-4 4.698007912899585E-4 -9.656131557882432E-4 0.0016898497170328658 -0.0010487463210805761 -1.3805692336410103E-4 -3.8289859881733E-4
said 0.008766878802294232 -0.0012674981667818537 -7.853771644494068E-4 0.0016292315064562982 -0.001973600850084095 -3.178684163663379E-4 0.0017753973582197166 0.0021290032734286456 0.0014501991492587207 0.0029669565363017176 -0.002060525448516951 -0.0012190086620251783 -0.0014629659512273325 -4.4067402272458876E-4 -2.8911953647911933E-4 -2.945775520835042E-4 6.349300483037072E-4 2.757667595991263E-4 -5.453460185396997E-5 -8.126919566196334E-4
The 0.01215006018244171 8.034078246323245E-4 0.001746816188213282 8.727695988302689E-4 0.0010388868571405835 0.0010106848229455233 -2.593224511948363E-4 -9.695768523575862E-4 2.115558109332947E-4 5.647464647853441E-4 -0.0032985404685857904 -1.2623221253258492E-4 1.403875312938218E-4 -0.001310223737152929 -0.0012400622838985422 1.7460850648053466E-4 -6.857929145296599E-4 1.6602963408844496E-4 0.0014564226239212486 4.936224935297255E-4
million 0.00851889744957573 0.0033878752200841994 -0.002259906678198456 0.0024443664502680745 0.0028353864703976215 -0.0012739255074085574 -0.002041861477093272 0.0044920763592237465 -0.0038729587183518694 3.9498257528067894E-4 -3.1709025535237755E-4 -6.334267794720469E-4 -4.7257696824234985E-4 -4.1664867137454416E-4 5.186377656458579E-4 2.02157687716201E-4 5.312213428219487E-5 0.0011159727175286034 -3.3422211520559356E-4 4.0775756479957085E-4
for 0.012155734510552354 0.0022575585862413153 0.0016896780609414713 0.001401399721369017 0.00120085185642726 -9.223594733243367E-4 -3.1041035848114717E-4 -7.1004210855027E-4 -2.572776569395919E-5 -1.5881606841842942E-4 1.5305382711611224E-6 -8.662181754510644E-5 -1.5137427633705997E-4 -8.358055624967166E-4 3.5255071078359526E-4 8.210424293568659E-4 -4.137513218685201E-4 2.916387521213938E-4 4.853194408836216E-4 5.451664271175796E-4
$ 0.007601341951591751 -0.003236092731195932 0.004190832928261176 -8.612899613430244E-5 0.001458957852380724 0.0012399541390889623 -6.038574632043583E-4 0.0010585410844108824 -0.006217026380323819 0.0018650704447470533 -3.5589186447308085E-4 7.236871135534741E-4 2.14998292387943E-4 7.364463974084615E-4 3.474277966233207E-4 5.343055386238168E-4 -2.120016082563552E-5 -7.458974962188553E-4 7.22789027785569E-5 -1.7287768086020068E-4
said. 0.006000683442591471 7.5256815139416E-4 -0.0010016012182808255 0.001064962432920702 -1.96239090496252E-4 0.0014173949685043323 0.0034866121395961177 0.0029781054335030347 7.265101081480291E-4 8.789435684878555E-4 0.0011713511533094976 -0.00153375075945926 6.653273046670092E-4 6.035613848648871E-4 -0.002288281882707749 9.84297029097513E-5 -0.002019259662119479 -3.0240089251299903E-4 -0.0019061356293223817 -5.806605996120983E-5
Tuesday 0.00567337012979106 -2.6451978427411105E-4 4.0750733579506703E-4 -0.0015970498227330045 0.0012671222231209638 -4.2087567221326636E-4 -0.0017562819448355168 0.002519547368338268 7.075467078829769E-5 -9.576150156668953E-4 3.804690569791593E-4 5.96442252493485E-4 -4.8383401533546054E-4 4.405889748428301E-4 -3.813447276284247E-4 -0.003896073084772476 7.946786725636927E-4 3.300184193889571E-4 -4.233948190181491E-5 0.001104327059308479
was 0.010705130949173391 1.7720656905009544E-4 0.001084624327624056 0.0025462859472965504 0.001716696424823781 0.0013115878355299758 -8.603814875127751E-4 -2.1777474431478028E-4 8.20051846023017E-5 -5.790483155225289E-4 4.0930816688103237E-4 5.696029542556694E-4 -5.966466171211954E-4 -4.3778982870921725E-4 -5.950226941271362E-4 6.631210628484963E-4 -3.1734675579026553E-4 -1.3254603991841058E-4 -5.35041792532022E-4 7.698326655793381E-4
about 0.007585098882323597 -1.2903661033803884E-6 0.0017549132172803576 0.0012484180749935934 6.506895161387048E-4 2.635921094992209E-4 4.3569254282748376E-4 0.0011390103261317835 -0.0015466301784056607 2.943238549323352E-4 -6.843516751944363E-4 -8.627677996900157E-4 4.647276421218247E-4 -5.053952771826391E-4 -0.001104872991627847 -3.157383957868548E-4 4.682840739608262E-6 -0.0016816439547240093 7.377442551419795E-4 -7.553305479880954E-4
from 0.008934876230654788 0.0031213973755182768 -2.1631588679787417E-4 0.001139346360779803 2.7992226505057523E-4 -7.306250140629337E-4 2.6457219440224113E-4 1.614602194614327E-4 -5.446861842359369E-5 -1.8168389751599886E-4 7.341873949616505E-4 -7.012433384762203E-4 6.91403237815547E-4 -4.691890007649552E-4 -8.56152796924873E-4 -3.380519976427844E-4 -3.363036914320566E-4 1.8844299963109034E-5 1.6349001612627934E-4 1.2383802377383693E-4
is 0.0076046793963623 4.773926117906864E-4 -4.779629719049663E-4 0.0019425000686134934 -8.184818528722094E-4 9.307709068021435E-4 -7.512442921159014E-4 4.7703097941464653E-4 7.273632005764663E-4 1.2895517062047927E-4 -6.164966048495846E-4 1.9455490861503634E-4 1.99698872477794E-4 2.3813605285770632E-4 -2.0884084376646722E-4 6.624572997077931E-4 7.856641750470741E-5 -2.60303540401262E-4 8.578904663211873E-4 -6.063603409618312E-4
be 0.004740801526931875 -0.0015434491234877544 -1.7262561069346313E-5 -6.378850293910196E-4 5.85766487585861E-4 0.0017786072550454216 0.0016681226601542127 9.269883928119494E-5 -1.3192143424851558E-4 6.342974146812567E-4 0.0020590996037591976 -0.0012709073219706658 -6.765286697555522E-4 0.0020976693459563702 -0.0022888218007398797 3.44685096807572E-4 0.0011676899783000917 -2.477992920037535E-4 0.0021710703842621488 7.493798955593789E-4
on 0.007097616216795007 0.0020116522263710873 -2.979235827127092E-4 5.282808024131396E-4 -9.715972238088224E-4 -0.0015959014494384472 3.274251540365979E-4 -6.863946815792037E-4 -0.001184402000016487 2.9646063402204604E-4 -1.8330717493491878E-4 4.16034995341587E-5 7.140090390583384E-4 1.0623396238715723E-4 -3.875277841915267E-4 -7.229935434470055E-4 -3.8191542942175855E-4 -0.0018770024059264609 9.433861644891625E-4 -0.0011910514181029922
plant 0.006791627072324699 0.0012605552215583958 -0.0015974304052912718 -4.97358154593223E-4 -3.3141907037161685E-4 -5.207855700917851E-4 -9.768973335408622E-5 5.074021607178903E-4 -3.0827440425608004E-4 -3.163511915974548E-4 3.8769454140730793E-4 -1.4145249437255895E-4 -1.5497905284935703E-5 2.689570695706321E-4 2.9330020131858173E-4 4.285350810896546E-4 4.6831617353742605E-4 0.0017003205845211784 0.0015459678203164422 -4.2998696793335346E-4
Mexico 0.007163483313491135 -0.0015768739230052709 8.705415709690077E-4 -0.0028558620011576814 -0.0010279390540237124 -0.0029662806795839264 -2.755916271649331E-4 0.0010894993890504746 6.248927061339036E-4 -5.809173279461991E-4 -0.001806818376001667 6.972229609664103E-4 0.0011884332298126978 0.0011796195630518992 2.054488779363628E-4 4.1532605395625037E-4 5.34815768870804E-4 -8.686375280655913E-4 -8.817799565268037E-5 6.122034974473565E-4
. 0.0048795223766152215 0.0017279409648239322 0.0012372375983946845 7.752414566660853E-5 0.0010357574763557417 3.981282804146632E-4 -5.477349811854044E-4 1.485358046250362E-4 2.5276556106931754E-4 -3.74558194361291E-4 -5.7577368573492074E-5 -4.1035697014276735E-4 1.9620588327190415E-4 -2.424922101450214E-4 1.9892975339128822E-4 -2.8224475510966264E-4 5.654477206256313E-4 4.181619117244726E-5 -5.883194663944682E-4 1.4585196478033585E-4
Corp. 0.007249739013463924 0.0021249074168455413 -0.0020499761329500618 -3.5330608168131537E-4 -8.256002567882984E-4 -0.0017711514692631718 -1.2353296918298778E-4 0.00231201579322842 8.934526440500982E-4 -1.2413069191421164E-5 -0.0011319272650381258 7.415721356567941E-4 1.672865662691201E-4 2.840531009914782E-4 -3.361670912906452E-4 4.645251160814416E-4 -3.6213895230496085E-5 -3.0573383341372365E-5 2.9643996692796636E-4 -0.0011914956204153503
that 0.00622344681676979 0.001706706949352053 -1.5839728997060312E-4 0.0016369097160201717 5.712137720881062E-4 -3.9578979971088374E-4 2.919805083165921E-4 4.980466450975191E-4 2.3215089510849853E-4 3.4871855866057047E-4 4.5917218908643844E-4 -2.92560069483145E-4 -6.334349147045468E-4 -6.427059972617409E-4 -4.2079685522213473E-4 -3.778245102181028E-4 3.8638957576902973E-4 -1.7024704459118027E-4 -2.535119724845102E-4 1.0584783414570794E-4
Jeep 0.006822271655832661 -5.133283871188862E-4 -0.001597521596652425 6.409978912467023E-4 -6.362143611278488E-5 6.255018696036557E-5 -5.878822362052978E-4 5.400841156948586E-4 -2.5380153730098686E-4 -4.8317250555296817E-4 1.33425555747844E-4 6.187866758058406E-4 -1.1086685286515116E-4 2.976474105093566E-4 3.6473324109398983E-4 -2.766379669463331E-5 -3.1473866801323924E-4 0.00112914945841375 4.099547722131146E-5 -0.0012618618148106358
it 0.0044992919656731915 -3.193892911640076E-4 -0.002460876776209506 0.0011817525447330541 -0.0016469308322345176 -8.621824894920528E-5 1.5651318785526338E-4 6.9067448263448E-4 -6.578954787110359E-5 -8.068979658446506E-5 0.001193647041226385 -1.8044705874120223E-4 8.334289563488617E-4 -2.816274692353119E-4 8.116913797347169E-5 -8.808092751426433E-4 -5.825904201727048E-4 9.456963161433964E-4 0.0010735577998379256 -8.703907923626532E-4
market 0.006708487927355656 9.89845828255275E-4 -0.0013670222662852585 0.0012078420933799435 -4.16140266665036E-4 -4.870747314085055E-4 5.968816251346257E-4 9.200064026931252E-4 1.75221299446496E-4 -4.99165168472497E-4 2.6539578674134172E-5 5.931555308871325E-4 4.227794929047533E-4 5.901177019983823E-4 -2.257580317412228E-4 3.97530082738901E-4 -1.689038218899215E-4 -3.694128330812948E-4 5.232079767382477E-4 7.582230590445001E-4
Brazil 0.005229446899479158 -0.001184331500553199 -6.978910956066357E-4 -0.0017313140761575565 -0.0019077138192755826 -0.0015060906344338911 -0.00125942996294176 0.002207970416813919 9.97193472727464E-4 -6.007957983709423E-5 -2.514120886865497E-4 6.276133954110317E-4 9.073409814688184E-4 5.614132771556089E-4 9.236492461042646E-5 -8.919848768592958E-6 -2.532140428523668E-4 4.7361329723385655E-5 -2.0235353423440292E-4 3.1195371633085917E-4
with 0.007536913750357041 -7.069654093433198E-4 0.001116490706748921 0.001219321337991489 -0.0017283507005632695 6.860352238749132E-4 -0.0013664801259513615 -1.6964743254800217E-4 1.2701403634347038E-5 5.606167886575522E-4 2.565274635829509E-4 -2.1514823985496967E-4 5.698703516399292E-4 -1.0933308743540071E-4 -2.25969219316376E-4 3.496212668423008E-4 8.010946015427164E-4 8.490794160570536E-5 1.6997210159848907E-4 2.484055740216955E-4
by 0.006641991829039503 -1.591490735014882E-5 -8.713655088216631E-4 0.0019491655647376211 -8.589552584152582E-4 -2.1714787363228915E-4 5.223921962769804E-4 2.911040068238689E-4 -1.620071209625772E-4 -4.0381904895095655E-4 -5.7330741021090865E-5 7.608731189617552E-4 1.7184993743451666E-5 1.9474815354934093E-4 6.147258247454337E-4 -1.4900947823672417E-4 -3.993861930405322E-4 5.686088799037184E-5 6.346029289949688E-4 4.4845523988804834E-4
he 0.0022799132576905843 2.0918118616570648E-4 -0.0010596870623895492 -4.6291860139768007E-4 -0.00150838111095544 4.314971091964437E-4 -4.034884390976375E-4 5.672800591689048E-4 8.615393874520462E-4 0.0013313794055429416 -0.00177117645447181 -0.0024178069482107102 2.998055206993878E-4 -9.608605671293881E-4 0.0010059117590029952 -0.001066738186494107 7.034422311827533E-4 -0.0011725583579879106 -4.777119663363239E-4 1.6225311440578268E-4
has 0.0053782744801758675 -0.002129634344910404 4.243415041553372E-4 0.0011721352626213525 -4.220530088036064E-4 0.0010905451796196935 9.041062897089699E-4 7.983964058280635E-4 3.6873011401907066E-4 4.546800901992662E-4 -2.6356672645536956E-4 8.435059346592575E-4 -7.501332543013682E-4 -2.1812137794841987E-4 2.511386769895203E-4 -6.62266841414221E-4 -4.6852913190021395E-5 -3.7385114840424134E-4 -2.0534196350305167E-4 -5.365299482555484E-4
which 0.0035358991314841082 -0.0013055860280402176 1.9834477424238614E-4 2.1102428985546196E-4 -0.0036727801693298167 3.942537906312094E-4 -0.001455346182945951 4.95893949346575E-4 1.66949840096981E-4 0.0016278122494018986 0.0011571644589011476 -0.0014881920313718788 9.431650007582511E-4 1.8796394846544966E-4 -9.139424623653741E-5 -1.7844968450626941E-4 0.0010535730967515334 0.0010596983178243443 8.29703758004035E-4 6.170206645417635E-4
or 0.005741281679364192 -7.45350506041335E-4 0.00274298823156309 -5.338413572052504E-4 -8.975395674923098E-4 4.397071319171665E-4 -0.0013734674353965645 -7.796511465166178E-4 8.554574410685966E-6 0.0014028244216712066 8.10319364643288E-4 -3.983515810907411E-4 8.689268396924498E-4 -7.235105139159026E-4 -8.249931425822933E-5 1.7822250852852445E-4 5.56254403678905E-4 -3.11666904090828E-5 -3.4459671500052376E-4 7.606224657051292E-4
Mercosur 0.0073401949115734 -0.003697486926087644 -7.947632809759973E-4 0.0025283870537544527 -1.6288916893117327E-4 0.0012928954923554499 7.540995103803308E-4 -2.739043886061603E-4 -6.070446085343E-4 -5.875807663941902E-4 5.466176663640205E-4 0.001161393554240535 -6.754581477763045E-4 5.687728981937937E-4 2.652736565463089E-4 -6.426448060459337E-4 4.8304982179885264E-4 -1.4997630823505354E-4 -4.954674816729548E-4 7.066303472241447E-4
year 0.004350490187265097 0.001415857111753749 -0.001156935002364975 -4.6405729714221793E-4 -1.302980449897866E-5 2.703263179104139E-4 -5.303328139995699E-4 -3.4398265295032055E-5 7.314540876089484E-6 -5.370787019670179E-6 1.2822567407364105E-4 2.712592925225572E-4 5.806222259003424E-5 -1.257658298006058E-4 3.566919222915576E-4 -2.229060375385734E-4 -8.404586056228698E-5 8.417047248790901E-4 -1.7235295693553707E-4 -0.00206218808514074
We 0.005923951998098624 -0.0029600424253885304 -0.0013242338009675874 6.888614392118898E-4 -0.0014874689018851152 7.466926826086199E-4 9.447665924439655E-4 -0.0014863090344749952 -7.098427293121205E-4 6.063385857691972E-4 -0.003720381248811894 -2.8176892489757265E-4 -7.748780229037443E-4 7.088500867072208E-4 -2.0815770339120587E-4 -9.946572458844752E-4 -7.100098143769583E-4 0.0012310668631033326 3.335248957546936E-4 0.0014108659239528106
rates 0.005544882856140863 0.0027107693283015917 5.463006202778473E-4 -5.356047323104507E-4 8.453760438786217E-4 -3.986192486604073E-4 -7.607641403332922E-4 -1.9007354004749872E-6 -3.045702568172785E-4 1.0848595841797888E-4 2.2833983731657926E-4 -1.4823220063919676E-4 5.078102343489932E-4 -0.0014677485024871787 2.3577601699810696E-4 4.5169171630133356E-4 -6.463112926598225E-4 6.06346890797562E-4 1.613153715119123E-4 -1.3260820361565395E-4
Argentina 0.003775684493942301 1.4223342435013236E-4 7.440530112097954E-4 -0.003892500321259652 6.79057972286509E-4 -0.0035337624381528835 -0.0017972654276184725 0.0028733616805229497 0.00167063336189865 -5.039888103400759E-4 -0.0012193695806176946 9.570072749271662E-4 5.360370079061923E-4 0.0016607671737836895 -4.943393661302327E-4 0.0015655883746478853 3.026958276888453E-4 -1.9385675276000739E-4 1.414647868046232E-4 3.620648515567184E-4
one 0.005154222272679787 -9.945878756473682E-5 0.0014653943261580932 -2.4777713032057375E-4 -1.7137351171202358E-4 2.8010554700713523E-4 -1.3634099731357706E-7 -7.40937411358541E-4 -2.3021665561796177E-4 1.9877029255337242E-4 -9.695550460836129E-4 2.4217212838566822E-4 5.406407920673522E-4 -1.782210903429601E-5 -8.066769095091543E-4 -1.6182875227842988E-4 -7.250428331483265E-4 5.693559796532343E-4 -3.8646249113834355E-4 -8.561645159341705E-5
its 0.005120534623882412 -0.001962741823018378 -7.405901900632985E-4 0.0013513613326139018 -5.911463859872542E-4 -7.791455866271748E-4 3.650351456787699E-4 2.837830792942367E-4 -1.7062519739430616E-4 -7.620077179511605E-4 3.4306446599080766E-6 -2.7000097051987963E-5 -2.2298435555980303E-4 4.8335288152249995E-4 1.091211000743603E-4 -1.801497643297991E-4 2.659359423870458E-4 7.86271631468955E-5 8.173234017452801E-5 -2.4240477615131517E-4
% 0.0041833051453901635 0.0012960823284447539 -0.0013236736346981068 0.002043957232528818 5.145681984755117E-4 1.2079493822153796E-4 -5.678880319786828E-4 6.703523955319061E-4 2.756553009956902E-4 -4.88247045817215E-4 -1.3128621539787487E-4 2.667053413308277E-4 6.241469430767995E-4 -4.7476402635555123E-4 -0.0015917390344176556 -3.462772837180546E-4 -6.02973607061945E-4 0.0016766967907793952 -4.162993226341872E-4 1.724134302509377E-5
8 0.005416394956646335 6.053843565920681E-4 0.0027577431728588965 3.598259492179614E-4 0.0014783634423341208 5.312290853302563E-4 -8.653667688524528E-4 -4.521425962194694E-4 -2.3364254543946246E-5 -1.697447795753218E-5 -2.1529088526391052E-4 -2.5516025312946947E-5 3.353238595500065E-4 -1.3486407113251449E-4 -4.2832464677294054E-4 0.0010285532775586572 -5.425139703222275E-5 5.8518079722680495E-5 -0.0010605248607806358 0.0011346852603157586
markets 0.003910264605973822 5.668470385476519E-4 2.7228112014624124E-4 -1.641320410079861E-4 0.0011916484931616602 -9.423152474239538E-6 -6.19810657570709E-4 1.3611355759694232E-4 3.1833787975278004E-4 -1.5763601769439237E-4 3.099898001115236E-5 -1.1658236356676096E-4 4.8384023567834064E-4 1.5674113851247992E-5 -1.297432975492892E-4 4.944742538536592E-4 6.514699548387169E-4 -5.497359398863495E-4 -5.074645239931747E-4 -1.373692818469403E-4
