<OOV> 0.018641591009740284 -0.1899738962324624 1.0118494658920836 1.044599270181876 0.06578716796259662 0.1194865566998564 0.11629000659953313 0.2140986922853354 1.721923593329161 0.1692385662863873 -0.12419277747823763 1.0296130418305767 -0.4128283040099443 0.09535831028592012 -0.8052897917492569 1.5532509778709604 -0.614842523596645 -1.3034988360904833 -0.32682693801628504 2.4147252718555854
, -1.853558857214199 0.6700662664873507 0.5279797674675369 1.2243348728825931 -0.6457759632389082 1.3843070403064666 0.300481969706534 -0.9881947338302841 -0.8015315899304664 0.6735694346123949 -0.028052805036040334 -1.0748744986405887 2.2392230167079057 0.8717667808320378 -0.37222590776040426 0.42069261291795085 1.7416435752683574 0.6616700429827292 0.368098777419634 2.0281851841171323
the 0.2971915493381143 -1.1583669440647815 -0.012401644162360904 0.4412356100333574 1.0254448743261109 0.32026047835675453 -2.0800691613939466 0.38443624078964844 -0.7814919021367095 -0.3200054139930889 0.15374128954177718 -2.3123591704342137 -1.0456367060081728 -0.893493872133326 -0.6013618256346274 2.3645888594513824 0.42024641605624946 -0.730195699452255 0.5855161726273204 2.0003380816106695
in -0.43657609346240905 -0.8349720391662747 -0.8205613044066774 0.2719178520698178 -0.158292057386083 0.22851448805026908 0.2916269862814177 0.328954548569605 -0.3341107435057392 0.8149327988416226 -0.935142992413191 -0.46870785243708607 -0.507695770159668 -0.8647058216329996 -0.87916571418603 -1.0116356956210815 0.6747033882792148 2.2273045063937307 0.002601943150057363 1.3450529590914506
of -0.17977133709997897 -0.5023708601510538 -0.7629024465511239 -0.2766539368570102 -0.5934514173843212 -1.0135105129729145 -0.17329263224625624 -0.13546636256424194 -0.8189903189655505 0.0584737949982037 2.192192265936325 -1.52940959887937 0.06800837049253293 -1.2825967172175379 -1.387203439604302 -1.53915222551413 -0.5948282077399188 -0.7244761750453191 -0.018607292657203216 0.14623496235225072
and 0.5253345072333001 0.06359760088345091 0.3929591179994919 -0.10360867710509569 1.3290027535555986 -1.4028962457122134 0.5987808684580623 -1.2947912523066152 -0.056846555414719814 -0.5854646486299219 -0.4661607777773316 -0.2999398464369071 0.7483989488688897 -0.23462868089143674 0.5054833732337799 0.45241547960356504 0.4408877310217401 0.041772951248870004 1.3963174321845884 -0.503239120779197
" -2.0368700950347076 1.1041510245017234 -1.031226539350723 -0.48530007282457654 0.7825623242076383 -0.7127555203256509 -0.08602195419450955 1.058236874423601 0.3933671254985893 -0.3558327545155355 -0.9378710281866554 0.38759941660859165 0.9311452682949413 -1.0017925687592868 -0.15354261331645383 -0.21949312439323787 -0.6355565814247968 0.6842127016884916 -1.1037521852904553 1.2458100237070657
a 0.48082443887961096 0.7696954689725597 0.21912416168548293 0.14632860855510998 0.11519603206414404 1.087923114526239 -0.7787029479881209 0.40261720856541977 0.1259840745366177 1.557033774134093 -1.2523953137894048 -0.9601970204855566 1.7782298710465037 -0.6520043116179559 -0.5701614957063313 0.48466765063748213 -0.2689460866049608 -0.9718631878014561 -0.31792537747059046 -0.3723285336996268
to -0.9999957057088402 1.0791984302796753 -1.005132037758397 1.0514322072722864 0.6508005688456182 1.7755233607289864 -0.5328069775383568 0.7216922532690073 1.3830966315118527 0.05897817281147006 -1.0317591592726603 -0.3312943528211136 -0.8830872136643724 -0.8694135512035994 0.4740578218616756 0.9672812613258825 -1.8722774634019634 -0.757279911809503 0.9896544223374832 -1.9743064487124529
's -0.8483782027001798 0.4877589126590376 -0.746514910934032 0.19724668884589716 -1.169275700591854 0.03267748094107268 0.8165018019978555 -0.6892244964637267 0.8262519891960568 1.9212623505364361 -0.48779470476692116 -0.03073896477415896 1.8270525221098042 -0.18378316424206617 -1.3032003186738876 -0.14985545124137387 0.4455605799733063 0.9171668710730713 2.08459990782815 0.3973825472021647
will 0.20228103058707306 -1.245512582044391 -0.029935305687833154 -1.6352851451809418 0.974069710526418 0.4012910655164102 -1.2223721760771067 0.730291745714352 -0.8158253294120977 -1.5347182125266037 -0.45129242013831106 1.0307205146257334 -0.09433290865507225 -0.48688226169839904 -0.22616478212018842 1.0815611865271397 -0.4455183661235216 -1.7160854659357925 -0.5820944269341007 0.16976364073249472
Chrysler -0.7966751357756151 0.616573052072481 1.4040724347594429 -0.21273703920637727 0.4419728525598902 0.5476435856624503 -0.7718964146473715 0.15139548991116925 -0.11984501720203414 -0.2732523151784647 -1.279986533588732 -0.4973166478313243 -0.33129969035682905 -0.4670079024547898 0.888302485081436 -0.16142248490963457 0.859005450722855 -0.31414479759799285 0.2144065231438879 0.5226979166817147
at -0.4456000603284166 -2.333838597806338 -0.33463118233116695 -0.44548942553173104 -0.8656013435048829 0.2714447192509592 -1.3888991953464616 0.9418425595005846 -0.475564105408136 1.0626816547279196 0.21213208445653642 1.0636021884127838 2.7272877813983256 -0.8009123812855142 -0.8191870393234096 0.46953706823932617 -0.6716872106226243 -1.115912079060276 -1.43020252266133 -1.3722929211162453
said -0.35588578954671546 -0.9165160796619606 1.5173063246089633 2.869818713933023 -0.65833991940631 0.022676337038742583 -0.6982024685342227 0.12771216128842106 0.34977535892774647 -0.38002248210077216 -0.3565144480457628 -0.19611595260072395 -1.9685668664596947 0.68529842542549 -1.357599748674631 1.1043667979191665 -0.6254058527595497 -1.0828153657229524 2.9921184171398156 0.21107162567267493
The -0.35311932920635875 -1.3116155231981868 -0.36673801381290344 -1.2057375443548473 -1.0530068567311042 -0.021050189214813147 -0.6268717240546372 0.7751992111605351 2.4777400958722344 0.9866871533766159 -0.25774141693678354 -0.17623586672928857 -0.5495560059539654 -2.1122917878681533 -0.34900535393467785 -1.6401555770543543 -0.8405407755013523 -1.165546316644087 -2.3610879095434916 -0.33978870294448077
million -0.4566836671516468 -0.5118599068503655 -1.2326111706906993 1.1597358306220078 -0.29445084190745363 -0.6549644444182477 -1.1743512565970875 -0.4469184690118018 0.18567406832430336 2.040225357496495 0.02711084409820934 -0.5621556558528843 -0.6595699425786354 1.4354031959637992 1.1424801107473344 1.4309220656254873 -1.078339605137733 0.3060197109078613 0.7971492163414866 1.4482876111301994
for -0.609765622047577 -1.162147580287937 1.2709649766497033 -0.6526923541564165 -0.06650584434503794 0.3020644101222875 -0.9004388953194612 -0.31335891054404036 0.5487455157059244 1.7488452843467122 2.3826672714404915 1.1394772904557713 -0.42268241173165433 -0.72699922597007 0.24696225117466528 -1.9801281525148835 0.25330458572535297 0.1728035678680177 -0.9824394015924478 -0.4154525376669546
$ -0.7896434447535685 -0.9073182758628277 0.24802169203491956 -1.6365076965963663 0.39050646386429827 1.2338923064582403 0.142428678832374 1.0918128732589152 -1.5885623733210266 1.3270602616404026 0.020750269285165546 -1.1430832042278178 0.5311529031073945 -1.7627555996728785 -0.13527394774786378 -0.7263806169813003 2.5998787605870066 -0.4003393124119961 -0.8383789608080435 0.5450282874271248
said. 0.7197230280899377 0.5797624943182212 1.4062441429307286 -1.088416254602485 1.3809908808440878 0.7084634015332745 -0.33232042521623195 1.2669905956611058 -1.231898658586661 0.7088509125214449 -1.7737498386098833 0.17213901289096264 0.4117603679163091 1.1692322190875388 -1.4289526330830464 -0.7934792720078719 -1.1757130756812857 -0.1790169603647944 -0.1761281524864368 1.6248748090715985
Tuesday -0.8274701334256988 0.9459247827993809 0.19248796680090313 -0.4664577120733714 1.5902910579104585 0.7487981296829956 0.3454550654258568 1.4011829903149622 0.8660805880840452 -0.7424876038175448 0.6848851010249443 1.343242635413104 -0.09468425226988779 -0.004947623229161236 0.5241013764299352 -0.5927271195389907 -1.8727771255127024 0.7175313369340839 0.1601751400010551 0.8979055085912888
was 0.534255952138222 1.4663805319218313 -0.4350166072396127 1.1111979428565315 -0.9196633408381696 1.144105658564916 -1.8760905910903711 -0.5193226263459519 0.016919160677606224 0.05605110103828877 -0.047780117133216025 -0.9319776157702676 1.3217597888969275 0.38556767284086096 0.5921027340926318 0.5963235844756561 -0.743018786102524 -0.01305913490723303 -0.8315395465028133 -1.1098898660475216
about -1.5781616878896738 1.068039070233011 -0.4735824241620022 0.4061032860784033 -0.460015494450461 1.7331229943871274 -1.4425102592734342 0.7609937709944155 -0.43406396955081933 0.6962282936289753 0.23999886319299207 -0.2523298799788219 -0.11047087731740877 0.3862908355209468 -0.07666758496086092 1.4319475705489286 1.5449218164379848 0.2960177913089239 -0.7778111736739174 -1.1718652253442836
from 0.41864239557339833 -0.798553623738081 2.238439490741049 -0.7975217440336779 -0.1090170974950059 0.20142136296769184 0.18916653504103884 -1.0766812395297736 1.1833636011676543 -1.4758262972208864 -0.9574018731556242 -1.3498495488467985 -0.47647893734258023 1.8057145371460488 -0.09278402587049871 1.8702245185156179 0.7110115624304033 -0.5124152583853596 0.6529527204870479 0.9285350788095105
is -0.40998250224413707 -0.8392542838950467 0.035239607236681694 -1.3816631728538198 1.8350397136558472 0.6692425186196959 -0.3374673215299898 1.617026655050599 0.5660601975805823 1.6678250773695351 -0.1005713866881358 -0.9808004706860087 1.3235517701877577 0.6094459782531821 0.009152334676562275 -1.4013077616213963 -0.986701941939079 -2.1397269216392107 -0.2980753908405457 -0.52579805152533
be 1.5426796142224948 0.5539038980007341 0.19935945427641782 0.5922203710358915 -0.3968601732958928 1.2857044247890055 -0.6369919778709681 1.122339909124034 1.0883077238255805 0.9032279658388166 -1.1939071652859805 -1.4186834204179701 1.1150924343553805 1.2579686116279147 -1.5314845337799325 -0.6701164892290318 0.2616920893635493 -0.8184311365686502 0.3130507040072396 -0.3428849097700477
on -1.5456205213592025 -1.7276562979314525 1.4806206224843865 -0.7219398807462325 -0.11367358154860206 1.632974647815701 -1.0510543973670046 0.671532426716289 1.1222448007578478 -0.49419392753704783 -0.7184443966861916 0.0022235096042076963 0.37430523824060025 0.2706400016216235 0.10600393000281504 -0.1485564545351923 -2.1519757793910474 0.9043659934676919 0.27905662938136383 -1.5557200193742005
plant 0.6808535474019323 0.3475272728525958 -1.909947488807274 0.45904604151636275 -1.4064668868924763 -2.0567990616098886 -0.3122163645351082 -0.5079547799850718 -0.0671512415624618 0.731202850257695 -0.49461054458178966 0.5302510085856043 1.204048358778331 -1.7509906109693774 -1.370372993362851 0.061147283656726045 1.052654930044607 0.7338924278641752 0.8304021889907465 0.16297029446559216
Mexico -0.9494758477988082 -0.060957191327724 -0.22416544422328652 -1.6827638117890424 0.22386790979955434 1.2332707115464268 -0.0030467520819008873 -0.9113541480344294 -0.7335911658958213 0.14399481952481477 0.4107743028713477 -0.964409407508173 2.399848547578294 1.451872172387718 -0.22856405220726372 0.8125600558565559 0.12858338146127904 0.5062168267106503 -0.6027567962732339 1.2177631649129759
. 0.10671069489695494 -0.23861907042742786 0.08350652894195122 0.7566563472308027 0.3647879705150681 -0.385181289442688 -0.6448344839274925 -0.6105303582885734 0.7656193315291985 -0.05841175589671075 1.6212773903888122 -1.3404070099023577 -0.07125441381744232 -0.9218420077040191 -1.3411220302120253 1.3944197214505927 -0.19299002206314686 1.0072120367238326 -0.7277816169016759 -1.4965321821945208
Corp. 0.6579733324269067 -0.5187199345598911 0.16180308863739645 -1.370916166185455 0.3089109513330201 -0.20640891787689014 -2.0185693032728658 1.1549780623994415 1.0120013269075385 -1.7768879405269247 -0.5117370433304452 -0.6100539565781775 0.18802272232183947 1.630279387128978 1.3007795097408505 -2.6529557008474534 -0.6067212761610595 -0.8112232282366063 -1.1446555922549666 -0.01633881036991245
that -0.04080061852607929 -1.9126129246319103 0.5771620132721904 0.02398008774137636 -0.025427381838903987 2.1322821743411495 -0.3331863543879186 -0.4289302807406636 -1.8608732502031728 0.8245893495538874 0.6772674892207019 0.6644135507702253 0.9455161721503342 1.135368556878535 -2.825428553577335 -1.402655998420806 -1.0520990949241869 -0.5344775184453622 -0.2989248529177927 -0.16563524355365805
Jeep -0.5290823832726277 0.9077377345731794 0.09248697913213498 1.0775921267249275 -1.626453281054613 0.8603453292973826 -0.6931525146571422 -0.3056715852284061 -0.9303197716694219 -0.784451856940053 0.2090663024888214 0.48382681746518796 1.8496309050441715 -0.22246794138099643 -1.43124509448937 -0.8931086080400166 -0.2726599331814476 -1.3705170373004876 1.4698147016250263 0.8801264169121179
it 0.030825485852237988 0.37560471056661765 -1.3552241034632957 -0.015031896009256737 0.7957820237854878 0.42420566121234754 0.3025127567671198 -0.6576013489287618 -0.13950704881254916 -1.464705063428654 1.1598087661174539 0.7301443404336033 0.6876391656065812 -1.1266989152679046 1.531059449112599 -1.0717984020728673 0.7310905626085159 -1.2708938817846063 -1.7150007278570076 0.69251291994526
market -0.8267015612741029 0.34365260516647184 0.8595325468812632 1.435880906319425 0.19453206120629613 -1.3695024365751156 0.2554741304946037 1.8537806808473951 -0.19972888543192252 0.37156679604082987 0.08796688836749883 1.1156490907011907 -0.262764475230422 -0.12953419260028456 0.5266570697992478 0.19765549925400738 1.7179660008264739 0.8561484663073547 -1.7847146340631457 -1.4315511399767837
Brazil -0.17432578538400892 -0.5412688303208498 0.06002271317259798 2.2471816208972637 -1.4954615323633882 -1.2842131783613475 -0.3834970435393527 2.00359352007565 -0.72819199123585 -0.8672554760614751 -0.15404183393697654 1.9387564235779617 1.1335305015040416 -1.0487219742683591 -0.31739749211956686 -0.32512746517022856 -1.818112170783525 0.06238695536469343 -0.2626178228782461 -1.530012220047204
with -0.1894136326595263 -1.8946045009162533 0.002314742772569475 -2.2300163536915685 -0.6134678036432046 -1.0787136992193813 1.605493778281633 -0.7234702937139402 1.2727448275665543 0.38668233053665113 -1.0842755304277671 0.4425697101690604 -1.0204090522414453 -0.39181830835786974 0.5647015462850942 0.28371674821452786 0.2908898148121418 0.023650986470081917 0.9120782360260786 -2.7021169625491535
by -0.5758931176373637 -0.6150124970961077 0.6022277853292937 0.9351531760148183 -0.0807806933580478 1.6967492099935058 -0.3686407927773378 0.7161868561109981 0.8454039626932419 1.4944997720531303 0.8248558905086477 -0.6647632599763366 1.4012034151407002 0.16840644815521236 1.2123153782090539 -0.5497567354952075 0.8667927779087702 0.2879635331734084 0.5328262721332927 0.9380731317879002
he -0.9565071145404033 -0.2967360884214156 -2.01385415097546 -1.3105912419472832 1.416192258430667 -0.802541184069376 0.035980977979683255 2.0220223340428953 -0.12989635863497237 -0.07634950583089468 -0.4981091793106487 1.0905237422740988 -2.3738470038038666 0.8824294945165974 0.26084577534076603 -0.027819110549200783 0.055939833638214344 0.6224722031128366 0.10847640730407851 1.5221323209987185
has 0.8862466691343315 -0.7431143877571672 -0.5767904360317383 -0.7694369719061558 1.3172899136512735 1.3895065053927178 1.078464141636267 1.7612508514108633 1.2882980141763285 -0.5032462063614088 -0.6558012299618906 -0.3734137761965197 -0.4504938751877653 -0.013334809009002154 1.0963349505886841 -0.22334280816013127 -0.071000149565135 0.8266250330665499 0.6772388196602163 1.5083495562929268
which -0.3859523104988153 -2.0404486201563077 0.7009419753429476 -2.021922074487561 -1.251930834005491 -1.4250060109742602 -0.20190712937804114 0.9313501748193923 -0.47130308893604667 -1.6567275188445358 -0.5882343355067324 -0.7475598892188483 0.5520881343500865 1.8331086802622012 1.4086203070294017 0.23164359670087914 1.0903505951721957 -0.5095779362511228 0.05499331798683504 1.6492135160187102
or 0.019437856451746918 -0.4034064571896306 0.8707668312989328 -0.15830862962941114 0.13494983815714465 -0.4692864072081818 1.8822225482822574 -0.03576565935181484 1.1945553757646035 -0.014461767667090387 0.9195613036378808 0.668924909006222 -0.7729494162531515 -1.1781753072822274 0.17818496604936243 1.2060818418708286 0.09653396967289375 -0.05748210868809397 1.2396043295774002 0.5769075044878512
Mercosur -2.529963638334393 0.827759280015607 -0.03942532430319229 0.02627643342544784 0.7239779886555727 -1.2972583325479656 0.9385570014118894 0.024476577943788762 0.42510207780272763 -0.490511891216204 1.942531709295862 -0.592723268224881 -0.20400494289932744 -0.18105393256025007 0.29986443712090355 1.3308388923214032 -1.195603504117818 0.07489696723978208 -0.8179116752479656 0.8090865127587646
year 0.6009140193992528 0.354009619639073 -1.9598337704846325 -0.8383078906641023 -0.4512046677819077 2.384504347907106 -1.1011589788385074 0.31075381054645745 0.8863894798489577 -0.09490493214408147 0.5151517702630946 -1.9780147720588424 0.8634076527493592 1.2166547864842636 0.5514782781158825 0.571756577995429 0.32074418744212146 -0.5930599736926336 0.9162077676913715 0.15810356602873932
We -0.6249566037340741 0.7020105579853246 -0.8606998312570749 -1.445555337877942 1.6448900306192258 -0.9340703865686603 -0.7247634974434594 1.403477064342866 -1.0231122838165396 1.0187111052287072 0.020788904702131003 -0.6762130909909929 -0.04514345121096908 -0.46556799538283594 -0.5918652729023813 -1.2626431749109703 1.0593792665699275 -0.09283233311790069 -2.057780732206865 0.9089614370207414
rates 1.5713542535050216 -1.2011302853706582 -0.2809777809677935 -1.6146052875204948 0.49970176316130155 -0.07980624869970736 0.23983189588184708 -0.08980287703277469 -1.0839255016771439 0.1783713535301837 -0.6875585235400237 0.5482734907545429 1.0028117530727738 0.4950472512261148 -0.11357646881840337 -0.5143690311698704 -0.5675708724901029 -0.3959637593553504 -1.278092365343216 -0.9026203152129331
Argentina 1.110341364764272 0.06660828391748458 -1.417611362306492 0.13232162290267793 -1.2353368307657295 0.1331925349167996 2.2485001544130405 0.8873560750056138 0.5178157262145715 0.4558191358105433 2.177008008516394 -0.998737882995291 -0.23845417419207868 -0.39848212880591805 0.559529631143991 -0.29475773707925684 1.456382854278276 -0.6344077291432662 -1.5629616808428846 -2.2186185131425584
one -0.12697511109840953 -0.822907757623314 -0.8312658316083971 -0.35386051383723993 1.0214773656497271 0.6755354418510039 0.6375207983442008 -0.13450167273262814 0.9356071204383001 1.3259680087523562 1.1224214664656673 1.064837735620465 1.8989869733032545 1.037687097941238 2.299279829547929 1.5564243464838023 0.6222765584716874 0.6603717750398898 -0.41292486028788383 0.10596774704558172
its 0.5089405719262505 1.3501286883304966 -0.21158270218998493 -0.32309902859696965 1.2852728023817928 0.15577695669119004 -1.4250471543045482 -0.5350262432520446 0.915776051030015 0.2881937254991083 -0.503255872808173 -0.5838427636722816 -0.09403451718330351 2.1838687558976764 -0.4403467528397755 0.5084147512144347 0.26349067054211095 0.7565044592717636 1.878154125523585 -0.23876725112925354
% 0.9840781221240298 0.9897192399302569 0.16352448137014805 0.8860958868322923 2.2089995410617047 0.8838890890793056 0.4635491309181647 -0.6644844628171179 -0.21631344393938792 -0.41132502649360647 0.6290039355517155 2.665010266225155 -1.1108592351293836 -0.46779873140802214 0.8568517843375258 1.4735698030748614 -1.2504870104381722 -0.753058551099417 0.17065926557367223 0.19080142415307827
8 0.786897400223109 0.4907708762139895 -0.4257036450434041 -0.2806685699378657 0.30014201407418556 -0.9538703864831278 0.9060593069512645 0.04330773455615975 -1.024693921912531 0.3517409930610838 -0.23885209676852617 1.0610734985654764 -1.7942467273989704 -0.09259598066635451 -0.45174416255836153 0.5223328914529537 -2.332435477891477 1.0190096355885858 1.8292137064867424 -1.4546295362694777
markets -0.8916805039305887 -2.318983460776168 -0.47363618631524573 -0.633968202518602 -0.3047402635719835 0.22479055530609834 -1.1946408995148459 -0.2638191220772649 -1.453987463883659 -1.0670382765771669 -0.2210242640416018 0.27457554363500314 0.23623881643759453 0.2560293810800896 1.8592640276462042 -0.5487260068993232 -0.45936513908520343 1.1656381648157768 0.6616936752870143 0.1764105369742126
