<OOV> -0.03129273251339435 -0.002126270069448422 0.0016821634763340484 1.7855663915317908E-4 0.0013487129779534404 0.0014243158315434368 -0.0013413657445426335 4.904259507446902E-4 1.903796104171725E-4 -5.120907254458528E-4 6.150896782392549E-5 -8.031192734253331E-5 -2.716147700594994E-4 -1.2227696857893035E-4 9.276510973538268E-5 6.986096119975758E-5 3.3037737422719014E-5 9.600680740883801E-6 4.0741002274602885E-5 1.417272034368364E-5
, 0.013757115235217363 0.008622980858918203 0.005974976563488326 -0.001223818612837478 -0.0011112103784181849 -9.225963605562827E-4 -8.356406677028226E-5 1.5293690466713033E-4 -1.7507436062661488E-5 1.0369100565549195E-4 -7.424109492276475E-5 1.6069485391125333E-4 1.6454505118867017E-5 -7.436789974079855E-5 3.482199788744917E-5 2.61752654879534E-5 -1.4555251649879492E-5 3.518871331834525E-5 -2.5217854309934186E-5 1.2794316916525418E-5
the -0.11674888189144161 0.005849879165187613 0.0027529409107243307 0.0018783505549592912 -1.8149527148407304E-4 -1.4252454589343762E-4 -1.8155296584636296E-4 -1.1138474869886792E-4 1.1265247858086612E-4 4.5177103209696125E-5 -1.0007586528005863E-4 4.493476163665556E-5 -4.257968354720746E-5 4.414728200229148E-5 -5.052454992076959E-5 -2.492069928964004E-5 1.158387473034833E-5 -1.1719855292016484E-5 -5.679074331223296E-6 6.829695364106997E-6
in 0.01994140355643906 -0.009570373974660802 0.005610586574436175 6.418806699251775E-4 -1.23684279954318E-4 -0.001152339047509537 -1.1458437433531769E-5 5.30365000959898E-4 -7.343207390142153E-6 2.4340292952864797E-4 1.2560027643956516E-4 1.4880117545080604E-4 5.2563319713854916E-5 -3.888777055986578E-5 -9.74350056533619E-6 3.066395566520184E-5 -1.0653961609901308E-5 5.690794529869785E-6 -1.5661941476648006E-5 1.0760752714990063E-5
of -0.04440578056765746 -0.0045023551886642105 0.004934718652856664 6.507863169022359E-4 1.4174134985327414E-7 -6.698994515584399E-4 4.6723924981450165E-5 2.4295194315739727E-4 1.6707951463174406E-4 2.225996039011024E-4 1.913486876068208E-4 -3.683272351355078E-5 3.618519767476631E-5 -7.771636496151595E-5 2.7383567011211863E-5 9.808748764106358E-6 -2.389715997588569E-6 -1.591019872172568E-5 1.6485138820346967E-6 1.4547684407576565E-6
and -0.1314610002276177 -0.01206236225584778 -2.2796870623756555E-4 0.0013263054074246997 6.204278209743111E-4 -6.881725332268658E-4 -3.7976953427183957E-4 -1.4123041640547816E-4 1.4386705810947234E-4 1.85693686356761E-4 6.009404652106229E-5 -6.071028836187022E-5 -1.1756508132782403E-5 6.406531994728072E-7 -3.085895531430855E-5 -3.14815004545571E-5 -5.299648061379228E-6 6.899636445497217E-6 -6.928926676542634E-6 -2.7332675380463195E-6
" -0.037163342322513906 0.016303467078902092 -0.010871282723845408 1.7250666264452278E-4 0.004520469445858568 0.0014417676509510514 0.0010152676292062642 0.0016226604418494478 -1.992922373627072E-5 7.353634256805291E-4 -3.4046730183946255E-4 -1.6159732268834063E-4 4.543306791124168E-5 -4.669604047846377E-5 5.967251502533756E-5 -2.5189676925136036E-6 -1.3559504168781549E-5 -1.6224041812339841E-6 3.2742334702433174E-6 -1.0729068994488217E-6
a -0.17476685836237912 -0.002500403158650706 -9.41697866488683E-4 0.002856106828414654 4.865398063971001E-4 -7.673580617119432E-4 -5.195141313190036E-4 4.043973870876555E-4 1.7705688174943254E-5 -1.3464253468848432E-5 -2.9185249471737643E-5 6.486274634469583E-6 -6.91255637059259E-5 8.313069594433131E-5 -2.9234147005639448E-5 -1.1437448848484253E-5 1.3493213292571079E-5 -9.024264838734383E-7 -8.758347852467176E-6 -9.531549279700843E-6
to 0.013952637253555366 -7.133436904786018E-4 0.00827904814180068 0.0017686782137332705 -7.919665179736418E-4 6.154855815894482E-4 -3.50961735651042E-4 2.713898728039746E-4 -8.492359962815637E-5 7.298281735089848E-5 1.007303074759544E-4 -1.0620803369748078E-4 1.868863086514406E-5 4.187489821835585E-5 8.59147027847774E-5 -1.2470518798163052E-5 -8.371865935939827E-7 -7.295258988324536E-6 -1.3362417854359668E-5 -7.604793071276176E-6
's -0.1175004131528966 0.005628171346148746 0.0021059916381118335 0.0013262516378851061 -1.5399388558194637E-4 -1.308803293596355E-4 -4.930785926392506E-4 7.421713819157567E-5 1.012029027969061E-4 4.45314547257246E-5 -3.821335089186118E-5 1.0759039126128247E-6 -5.1446927270722475E-5 6.224169262859549E-5 -1.511796876160492E-5 -3.163796888789933E-5 1.1892922007245917E-5 -2.6793675334153977E-6 5.51013938055771E-6 7.57111495351636E-6
will 0.16066137179235457 0.002500464257685534 0.019868646117676345 0.005381884012336495 -0.0010707059632749454 0.0027823791514782134 -7.057986337126914E-4 7.888663964001243E-4 -1.875058635830095E-4 -8.076324798050916E-5 1.812371733353674E-4 6.7780360400707785E-6 8.225003925872937E-5 8.60492585991237E-5 8.70061310016742E-5 -4.85444450048065E-5 -2.7243059553750488E-5 1.9905452547865355E-5 -2.01975976378544E-5 -1.0133719567393024E-5
Chrysler 0.040238873602872774 0.01212509185687362 -0.007938335367362546 0.0016331520395903869 -0.0035993981713346337 9.164412886144744E-4 -7.694601347508484E-5 -3.8240116935931833E-4 1.3260866119838206E-4 2.6154244548001667E-4 6.943876991832124E-5 -1.8663712455750466E-4 1.157593519952839E-6 9.711391558991851E-5 4.906387175470157E-5 6.381054480466152E-5 2.0796105972771115E-5 -1.6371768354153966E-5 8.276791220027625E-6 -1.0006428391639311E-5
at -0.05899764573568307 -8.87454603840345E-4 -5.925131940918402E-4 -1.5698214066043695E-4 -3.470675057533944E-4 -6.516627874699074E-4 -4.5696648823129746E-4 -2.757420901983521E-5 3.36700949896473E-5 3.85952076787312E-4 1.8355172223488115E-4 -2.6194962149458867E-7 1.6416045147264592E-5 8.33853512750146E-6 1.1491159330941523E-4 -1.3379086087849004E-5 9.28480406620534E-6 -8.279058359120496E-6 1.2176313641612068E-5 1.2573872673694284E-5
said -0.05865357549787106 -0.009924584643280882 0.0014754412330014513 9.475682578431377E-4 3.8273596159920563E-4 -4.386335478816209E-4 -3.209371856484451E-4 -5.125193236257199E-4 -1.5453118495110536E-4 1.3632563547792708E-4 7.128469908554212E-5 -3.044549361516749E-4 7.87597537867156E-5 -5.7206392516566045E-5 -3.470316733716921E-5 -6.573668342163774E-6 -2.806021357618328E-5 1.745372766931813E-5 1.5354725864156046E-5 1.6546900362761415E-5
The -0.11182839050233974 -0.020410201049994404 0.003013166001298047 0.0015934281977118081 -5.916443172374048E-4 -2.024480095622113E-4 4.297199447451668E-4 4.2676347621928523E-4 -3.7924076314988436E-4 8.501166072388128E-5 4.4868736522174444E-5 -2.230333230778779E-5 -1.660069988790646E-5 -2.7758845483516587E-5 -4.7155048855337376E-5 4.5477974813664656E-5 2.318916932215087E-6 1.1227472479149412E-5 4.498382793398365E-6 -4.709056398437716E-6
million 0.005510059203363342 0.0011797040949472687 -0.004180588619976759 -0.0013063861467283921 -0.0025771619423318013 -3.304125934333247E-4 1.712446360550314E-5 -4.5844834674874124E-4 2.002803971891401E-4 3.513067698436988E-4 -1.1034384755045711E-4 3.162185010005758E-5 3.905321523977943E-5 9.531436460029158E-5 1.4063023293911476E-4 1.0477911185806343E-4 9.047184968061397E-6 2.1248399228304614E-5 -2.39492964121915E-5 1.4068960963703519E-5
for -0.04674401082182426 -0.009346102027762624 0.005704446964468476 -1.2335735089997067E-4 -0.0013137940232484668 -5.636761611735828E-4 3.0486156082122813E-4 7.165631192181731E-4 6.855559348578688E-5 1.7435780436942514E-4 1.081349285487671E-4 1.1091604827708102E-4 2.0817336966432243E-5 -6.354232742081484E-5 -2.8599606052486105E-5 -7.772610028411192E-6 3.440202459027175E-6 -9.8535551259868E-6 1.0879651031333774E-5 9.047257913426201E-6
$ -0.11405994371977689 0.00491423585711577 0.0034312566118630907 0.002232943306520184 -8.924815137589746E-4 -4.9084047196522596E-5 -5.792252343588203E-4 -4.1134130054561207E-4 2.089731565868126E-4 3.6603332861507124E-5 -2.5903041243927104E-4 1.4055195878940726E-4 -8.680721342173274E-5 -4.585189500192447E-6 3.8913075713275755E-5 2.632184362101203E-5 -1.5653233192773012E-4 -1.778849847154701E-5 2.0825153235896382E-5 1.7100660989558026E-6
said. 0.08686648859828563 0.04563722936745199 0.005439444405019354 0.003149333298020928 5.7806975271565704E-5 -0.002115974369939856 -0.0012525319301060992 4.160659468105907E-4 -9.269285582642802E-4 -3.864200648528519E-4 -2.817961794762177E-4 -5.945399694724601E-5 1.5581293463498E-4 9.493461788892004E-6 3.5990391947901575E-6 4.7489341090448555E-5 2.3629257178270992E-5 -9.740712247958595E-6 1.4470932051859722E-5 1.7056873893610024E-5
Tuesday -0.12201111709283075 0.011330996774764894 -0.00445723942106523 0.002056579030276945 -0.002205294453629537 4.798645554879022E-4 7.348055084806904E-4 -2.0393985268866307E-5 -6.177313756460079E-5 -2.1745248988143935E-4 -3.753421502460189E-5 -1.0718053520017227E-4 2.8555363006056807E-5 -2.8706121661641373E-5 4.321540891174795E-5 1.2430115544734021E-5 1.0733719580022869E-5 -1.6216764102829681E-6 -1.2409666330804983E-5 -6.642066949015615E-6
was -0.11327866898896417 0.005836705520770758 0.003192990464491731 0.0018877213454687857 -4.6241239200771426E-4 -1.0498483372714049E-4 -2.951431469050581E-4 1.2743296185780255E-4 6.201159449953834E-5 -3.8377180815607125E-5 -1.0386247549674615E-4 -3.404756651470721E-5 -5.487197468635944E-5 2.5037135972966184E-5 -5.054708924950145E-6 -2.8490220607824973E-5 7.582491500174323E-6 -4.063309693828903E-6 -3.6504424335291253E-6 2.905421365379253E-7
about -0.1357885141065766 -0.03227958894436411 4.1731743176469003E-4 5.883273274987976E-4 -0.001009111155065412 -2.1704319948593015E-4 4.163857550041217E-4 7.143136868782641E-4 -7.663665392680472E-4 6.511065717233432E-5 1.453139509089976E-4 7.35537183086442E-5 -9.531195142487722E-6 -9.112914900956379E-5 1.173084624239807E-5 3.631331441129241E-5 -4.913188866771459E-6 -1.575942304943988E-5 -2.0108420258321952E-6 -1.4679315929632642E-5
from -0.02295086800063389 0.010984889415706448 0.004246976087973497 6.150380232404459E-5 -2.8626423120602914E-4 -0.0013506332282466362 -5.3191497224092425E-5 3.359011970991729E-4 2.1951861336719383E-6 3.331862995757632E-5 6.168055851867702E-5 6.0253083191677025E-5 7.199994300740301E-5 -6.485816000549453E-5 8.098170165508679E-7 2.720027597129603E-5 -3.948422989237612E-6 -8.37415898774372E-6 -6.252090234372621E-6 9.405580868343848E-7
is -0.11798128560309354 0.006751578930865914 -0.0026558961764224457 1.2836403964622034E-4 -3.0138424302574485E-4 6.829487814416041E-5 1.0268625392681176E-5 -1.8893672617443984E-4 -1.5405682560464993E-4 1.0002735419076104E-4 1.887116955426964E-4 3.147719894672594E-5 2.331382679223068E-5 -7.459063007316563E-6 3.5501193493752506E-5 -8.805094988438945E-6 1.0394422390293124E-6 -1.8315451534662474E-5 9.911913996621091E-6 1.8918494563436608E-5
be 0.011145874693846293 0.017030878957672045 0.0028308321654752114 -1.167884217148271E-4 -6.055677254723161E-4 -0.001259549379752951 -6.783425353963074E-4 -1.4952960357432507E-4 4.6905944572578954E-6 2.4507232915083255E-4 -4.428478995381367E-5 1.1527929428891117E-4 -4.992267842378997E-6 -2.274998282702066E-6 3.991930492188178E-5 -2.588686994482172E-5 1.6232646415647185E-5 8.335118935570503E-6 3.933871224614477E-5 -7.087370705383556E-5
on 0.27864252811122275 -0.004937684495978838 -0.003933184732072112 0.007915943446600326 6.113646310526207E-4 -0.0024113565923135 0.0021677585228162236 -7.965163448686718E-5 -1.6709831196815277E-4 -6.425740347876677E-5 1.1311296019334782E-4 -9.47786671978737E-5 -1.8525278044667217E-4 6.493509332962437E-5 6.220884327092111E-5 -3.7507567842639675E-5 -1.8995478470401544E-5 -6.781462910357641E-6 9.242650630280583E-7 7.68409976872617E-6
plant 0.0016775592270630477 0.0037616380159141054 0.014087356983031842 -0.005780679732452293 -0.0017319141218380307 -8.627737016801392E-5 0.0010297221042984404 1.39449485429001E-4 -3.5311428672079665E-4 1.0524410134853988E-4 -1.638007126597951E-4 -1.1721246256332707E-5 -1.1707418823421265E-4 -1.6714276077357786E-5 7.856752833569789E-5 -6.1069708758073804E-6 5.204793340930013E-6 1.93685219033998E-6 6.611636490361937E-6 -2.914219904545361E-6
Mexico -0.02140473408729193 0.015542136726880389 -0.0014258548180412448 0.001741494813237797 -0.0016911848121577127 6.992191198377309E-4 5.415743048862178E-5 -1.9908620910445338E-4 3.4547310714134224E-5 1.6062848504368404E-4 6.200659932288478E-6 2.805437638752181E-5 1.1147405924820761E-5 -5.936275562106056E-6 -3.5378733153731924E-5 -1.853901406775166E-5 1.7009188136840104E-5 -6.427999087313759E-6 1.4584327176110163E-7 3.041659383683496E-6
. -0.03875556228120944 0.0020391957642739407 0.001300362249694855 7.150639334858491E-4 -3.618678690161799E-5 3.6454122805580524E-5 -6.477222848493515E-5 6.362495590943836E-5 4.5434036114696404E-5 -4.749725956149903E-6 -1.516511554702326E-5 -2.698512798631409E-5 -4.1168002166289795E-5 5.347150645618837E-6 2.0741589381445436E-5 -1.929371001087027E-5 1.3780862410901232E-5 -2.844058650471864E-6 1.5985734473147474E-6 -9.157963422415097E-6
Corp. 0.09796655303901858 0.015432549842399118 4.955320401296547E-4 0.004512380629670566 -4.967850960536079E-4 4.707369915036037E-6 0.0014672615302658474 -7.938253019691412E-5 -1.785556103915245E-4 -6.766040575016812E-7 -2.8500430388708943E-5 1.4069101443304398E-4 -4.6732806926904655E-5 -6.4961855843135055E-6 5.14394213437658E-6 -4.194689746595501E-6 1.590809221782859E-5 1.619394126804342E-5 2.8552810543024917E-5 3.813258799571956E-6
that -0.0669582287794405 -0.01743439398057929 -0.005141542159892086 -0.0015413507132230656 -0.002654731539896946 -0.0012970661044911036 -9.136538985843841E-4 -6.13564555449809E-5 -2.875658466621343E-4 1.9122578640755174E-4 -4.791531668069193E-5 -2.209491502075091E-4 6.852690469835696E-5 -3.928714252037619E-5 5.802012175894438E-5 -1.1514599624705863E-4 -6.823325425031576E-6 2.8568986917827245E-5 2.2063047019326053E-5 7.590416012645469E-6
Jeep -0.04394575020808168 -0.005967650218893623 0.00924212529186949 0.0021377195916173217 -0.0015841472540892557 -6.057306315157763E-6 4.422309470797427E-4 1.927067139093369E-4 2.0537104395922174E-4 3.144574874527574E-5 -1.7164919887112102E-4 -3.4034692564568336E-5 -9.818783188798516E-6 -6.098060812781957E-5 -7.614664923699031E-5 -1.092350441438354E-5 1.7271698596551184E-5 4.548946091077859E-6 -2.2794079438227488E-6 8.857398501915713E-7
it -0.00903280128891919 0.009599868028208192 0.003728028989829659 0.0021350930036956226 -0.0030412265666154466 0.0010273926594634559 3.7233262497866193E-4 3.052518981708408E-5 3.494309953982098E-4 1.464427864218815E-4 5.989945951267374E-5 -6.059132864662497E-5 -1.746214474467484E-5 -8.458658864103528E-5 -4.334411876112449E-5 -3.265590012032254E-6 8.538096340086647E-7 1.3115121777710019E-6 4.824002717072865E-6 1.1667203306716316E-5
market -0.02976168809200663 -0.004989946278118409 0.0011481570053973255 7.373963428264709E-4 -0.0025185599665746667 1.2093423029419546E-4 1.865285167316625E-4 2.915173080754023E-4 6.204393923831796E-5 1.2057375887783701E-4 8.861365951904453E-6 -2.5938511548410915E-5 5.731806953634678E-6 -6.348045981050326E-8 2.978576772372349E-6 2.2932974303149407E-5 1.6393378964817227E-5 -2.117329879051984E-5 2.5512548498802908E-5 -2.771593062546642E-6
Brazil -0.011875276211010751 0.006681834451937894 0.0011907198012743318 0.0017776521885582576 -0.0021216117226826835 7.455205861611546E-4 6.709724822824176E-4 -6.321634323702368E-5 -1.4315136622365254E-5 1.864279513916738E-4 -9.415121127180592E-6 1.1557136860540077E-5 6.085933550488814E-5 1.729872266055944E-5 -9.935862088443242E-5 4.188858952816531E-5 1.1819710960409134E-5 -1.936683225706141E-5 2.3603493961014023E-5 3.6871962236273765E-6
with -0.08568044094857748 0.010529662966335146 -6.733374298931647E-4 0.0011931706923586738 4.4484876473329705E-4 -4.965710536611542E-4 -3.8774410353953435E-4 -1.674571621476327E-4 2.1114806300762395E-5 2.997108649267351E-4 1.6208141219156678E-4 -5.341221040514054E-5 2.1088346872679277E-5 9.003104950757804E-5 -2.2333498504255E-6 2.525003639859527E-5 -1.080620125326973E-5 -4.329461054945457E-6 1.0519349931834007E-5 3.5207834539922714E-6
by -0.06005447707879843 -0.00641508678239274 0.005548975624385426 4.737962865890844E-4 -7.251671754080062E-4 -3.538033260346215E-4 1.4854896054842804E-4 4.4877278485353124E-4 8.513627634152348E-5 1.3528836657932582E-4 8.63104059903206E-5 5.7368325140819545E-5 -9.315771834593688E-6 -4.5530152520681854E-5 -3.183384143705248E-5 -3.7809232717232366E-7 4.939502355571962E-6 -8.360392839261202E-6 1.974162958142346E-5 1.1009602067542859E-5
he 0.1891637198238244 0.04137544513749371 -0.013051380848395196 6.736557489719103E-4 -0.0023924702996979113 -9.402090742107963E-6 -0.001322695517492188 1.785937642671032E-4 -2.1516582725961418E-4 4.434451976733913E-4 1.2844076836043692E-4 9.964543182931156E-6 -2.0053199989290152E-4 -1.90370227405703E-4 -7.565126773795477E-5 -1.703703593494234E-5 -1.3053223306681459E-5 1.051667435703911E-5 -3.12987528207168E-5 -4.056329349235824E-6
has -0.11014282971282414 0.006417359778573286 0.00313065216107122 0.0017666841864364823 -4.340871014683137E-4 4.129934770295863E-5 -3.2737728255400483E-4 1.3552286388874893E-4 2.672652184794738E-5 -6.121151192481266E-5 -7.112166778716847E-5 -2.2867926873287932E-5 -6.482936163255874E-5 2.2810572476173986E-5 1.291317479686635E-5 -3.7935790032044696E-5 1.539966434311428E-5 9.919410549626189E-7 -5.521948952606545E-6 2.7569903262571316E-5
which -0.03700081419327281 0.031887689173724885 0.011133050421317268 -0.008779752867020986 6.524775585195593E-5 1.0092502883332857E-4 6.080555126995826E-4 1.2089751174645248E-4 -6.388750049746859E-4 1.1741988040340298E-4 1.5832465549724787E-4 -1.285790004270727E-4 -1.4993463803401755E-4 1.4500765957891064E-4 -7.992106586199317E-5 -2.668777930808267E-6 -1.6865182660234535E-5 -1.1618205553112129E-5 -8.383923271826728E-6 1.4964355098440441E-6
or -0.1861605984817473 0.013404367201297382 -0.0020520342260444435 0.002303652470503011 0.0010185149460955798 -5.600687853174882E-4 -1.5680858267386945E-4 3.6482053660680133E-4 1.464697522625496E-5 -1.1335089488339203E-4 2.0541162386036434E-4 -1.5107261346935304E-4 -2.9096783748966447E-5 7.16109744048581E-5 -2.509457566963058E-5 5.6303627860774364E-5 -3.318508966009751E-5 -2.0528275464521525E-5 -1.3633452523044293E-5 -1.3733929333616468E-5
Mercosur 0.03113715245800174 -0.016187022570454027 0.011707169072486485 -0.00223523960159136 -0.002043192141976316 -2.121776058689807E-4 7.535716715989754E-4 -3.0494409310555546E-4 9.713359283894556E-5 1.0312431191864807E-4 -2.9461663563967494E-4 -1.9257915368403575E-4 -7.307053602723664E-5 -3.2136004917460026E-5 -1.1940534199425815E-5 1.0950465465162482E-5 -2.21370967061829E-6 4.423095355176114E-6 -2.813451183385495E-6 -2.2925269063869196E-6
year 0.032501038142842185 0.022425495917254675 0.019642345189753937 0.0021415376011974406 0.003908187487664371 -2.522895676038317E-4 2.7331034171058146E-4 -0.0011977436731241365 3.541555045866899E-4 2.257259977976467E-4 9.5973446810051E-5 -1.7671659742300372E-4 5.729204222007419E-5 -1.756225888126992E-4 4.06408441348664E-6 3.252121988557854E-5 8.926789372112811E-6 -4.458956993097162E-6 -5.586027741660773E-6 -9.562475404289446E-6
We -0.11097220004488448 0.006365798635160571 0.001354066381074665 0.0020498096679789518 9.666011414544512E-4 3.918890989757676E-5 2.2652328882515513E-4 1.0048023293391342E-4 -7.276238081798827E-5 1.7615220241380843E-4 1.1870433118790148E-4 -4.125908655422927E-6 -3.474981236647705E-5 1.1386558509230526E-4 -8.801507974263835E-5 4.9994024410036664E-5 -1.1038684937498568E-5 8.934358984744164E-5 2.2780341576035647E-5 4.0754331586847253E-7
rates -0.2828071648621232 0.03779762911114063 -0.006159630637698653 -0.00202578428967021 -0.0015600007038688495 -5.385555009263461E-4 0.0016825157102525199 3.0461957846419446E-4 3.169061318937612E-4 -6.711907747881014E-4 1.524354452345701E-4 -4.752559385571318E-5 7.283281753079975E-5 -1.0401489630017477E-4 7.778831865086963E-5 -2.3277719865397134E-5 -2.0679800622815484E-5 2.2829767274676E-5 -1.0479049533504888E-5 -1.14697075859397E-5
Argentina -0.12432306246254862 0.024706038146940314 -4.2840314659984224E-4 0.002538601966705877 -2.6201367053825157E-4 0.0016421724049151668 7.110888580278463E-4 -3.874193034348427E-4 2.415402987014419E-6 9.155554115591588E-5 -9.184735822785128E-5 1.531998363395165E-4 6.218781265810831E-5 2.134375607526326E-7 -3.532108516654237E-5 -3.144195475283516E-5 1.6718702554721865E-5 1.4314028167446341E-7 9.549883946310958E-6 6.85748280379084E-6
one -0.1333125145557112 -0.016176336007574076 0.0026662483882076466 0.0035752818753264125 -1.959178948671862E-4 -0.0012000945742952375 -2.874604619334633E-4 1.3013580563494192E-4 2.769742688531022E-4 7.1306174708535E-5 -2.0582258732343808E-4 -3.192237904010151E-5 -9.562548208393189E-5 9.41274477039444E-6 -1.3405060769209577E-6 4.218165947680186E-5 4.481045985036683E-5 5.623735013750986E-6 -3.64279836053415E-5 -1.5628405885773264E-5
its -0.11310809816438626 0.005991075223900651 0.0029106571819793275 0.001979290090215839 -2.74097209294371E-4 -4.0024905738001434E-5 -2.964042642533936E-4 2.098535256716713E-5 7.391480285398665E-5 -8.665291646746698E-6 -8.594516019856124E-5 -3.013047191694794E-5 -3.9323729576072085E-5 1.970312466519506E-5 -1.928772307160919E-5 -4.2506244236883054E-5 -1.8167999372573396E-6 -8.963978525105137E-6 -1.462760604464728E-5 7.778788136612223E-7
% -0.2033376045860628 -0.013388124609777848 -0.003648476589245409 0.0030048695659148287 0.001117224305926048 0.0015423390521361587 2.1988158711359982E-4 -0.0013030908739982024 -0.0012639072584149829 1.1339858824607514E-4 -3.231574895941632E-5 7.690020629593748E-5 -4.568379376999196E-5 -8.499115428980221E-5 4.828781815520901E-5 2.9972916401209112E-6 7.111473684031543E-6 1.6807750602982746E-6 -1.4556613609408766E-5 -4.206803788597922E-6
8 -0.11282227173480477 0.006045996585897465 0.003130200354942247 0.0019227544017542484 -4.2649423788084336E-4 -1.104147893277524E-4 -2.4456140077953176E-4 9.870496307904214E-5 3.732941995963668E-5 -2.7774963255686405E-5 -8.137952241560419E-5 -2.6792110070710803E-5 -4.698348883946567E-5 2.3332098308056018E-5 -2.414564569990791E-6 -2.978186737964851E-5 4.9963055104387374E-6 -6.25320280891222E-6 -1.0644569281997897E-5 1.284046397914708E-6
markets -0.14052999363056676 0.019484719903831698 0.00541757189642059 -0.0013414177421944816 0.0019702830334578122 -7.285903084086625E-4 7.146177298294858E-5 -2.957076475594673E-4 2.0296930759018596E-4 3.6483232055145663E-4 8.640109359229345E-5 1.995947202262609E-4 -7.790840439603746E-5 4.893510822312749E-5 9.96288930627833E-5 -3.6420120373544866E-5 4.002014728400594E-5 -3.0687368494839176E-6 4.286396191618055E-6 1.5629925899081685E-5
