<OOV> -0.07124555608350765 7.123849247182738E-5 9.393161059590865E-4 6.261233187830949E-4 4.084800910818565E-4 -3.014034526763488E-4 0.00183511207913215 -7.136258392173879E-4 -2.0164569183532113E-4 -2.0620344881710045E-4 -6.730684366840112E-4 2.4511720171798996E-5 -1.7676524039485157E-4 9.310579133591478E-5 1.0520976587093739E-4 7.106273882557856E-5 1.2909161994736683E-8 -8.667792687635755E-6 -3.5199716103290076E-5 -1.571956865165723E-4
, -0.06187252638751818 9.259676381598158E-5 0.0012812226918130455 0.004902043082619867 -0.0023787158068450096 0.0025178298056321847 -0.0026489576781646594 0.00383775531162563 -0.001127881704142113 -0.001253704786207548 -0.002657237282062759 -0.0018717276651708688 -0.003201763837757944 -0.0031544181677625664 8.537767608318522E-5 0.002627358853549286 -3.370170775111811E-4 -4.017159550093774E-4 -0.001121055644544061 7.322124796163383E-4
the -0.06064051177139804 9.024004146407836E-5 2.104458915515163E-4 0.002313067334527236 1.9355666276313376E-4 0.009329766782474809 -0.002169953378672657 -0.004842114203478499 9.95688712783696E-4 -2.0446972473654954E-4 0.0015618947673349923 -2.760561977021287E-4 0.0019400248535229943 3.166810721428206E-4 0.0028482305276756187 1.1466367630097846E-4 0.0011504714723421178 -1.4819981822822965E-4 4.2744437970995384E-5 -3.701550138449797E-4
in -0.06411050204886372 8.44643329535417E-5 9.699880686639388E-4 0.0025217099264385643 0.0010066311017521412 0.0018425616174441131 2.5847999445312216E-4 -0.0012518603725457796 0.0010995567787638928 3.1578615010644634E-4 -8.611521956161279E-4 -0.0022073747926614454 1.783987475964357E-4 8.602575597791386E-4 -2.0069747132670394E-4 -0.0037517755001197288 7.988527264719876E-5 -0.0015892232892679827 -0.001278254035088523 0.001179164184073032
of -0.06208210556150961 8.316835097378956E-5 -4.2915702285479694E-4 4.855066298678465E-4 2.040548702156717E-4 0.002562548170120784 9.87274422638852E-4 -7.046331554149055E-4 -9.263981936410381E-4 6.63103954875493E-4 0.002095696404711133 -0.0030382500340361876 0.0027296946581016964 -0.001067808790579499 -0.0015299894063145099 -3.1142405595625995E-4 -0.0015390127709754165 -8.207393926225409E-5 -4.2058026980214643E-4 2.90722915834207E-4
and -0.06514124451064292 8.271009724968838E-5 0.0010374260232209342 0.0016114838617106333 0.0011697898550732863 7.790822828439926E-4 -9.365851623978322E-4 -0.0019255420483562373 7.22811823229431E-4 -4.8064960505159925E-5 -0.001221464311673593 -9.461095934637573E-4 -0.0012979030129762733 0.001058820977969956 -5.160569283067953E-4 8.726385070478963E-5 3.4961185864081903E-4 0.0010592313387197004 3.934938404101088E-4 -9.937599724266569E-6
" -0.0563347252233101 9.165792745772082E-5 0.0010547392413196332 0.004721244809752783 -0.0018259888558724803 0.00501879874835328 -0.00454341708889512 0.002427488503052665 0.0012352753166710892 -0.0013823737643719953 -7.900739445341045E-4 -0.0019857796187999115 -0.00454809330691329 -0.0019644083557316407 4.7730583612094367E-5 0.0036295811242327224 1.9640129389597496E-4 -0.0033724340915407968 -0.0013700358247002516 -2.928061305389656E-4
a -0.06351961046112328 8.36916751144656E-5 7.524272283986799E-4 0.0012186177607538885 3.7943196788805405E-4 0.003281629987197126 -1.6886008694916863E-4 -0.0012951070750838968 -1.3392455020849034E-4 -2.5917828108679673E-4 2.551667623565644E-4 -0.0011620867452373606 6.359721848162175E-4 0.0017071214119165445 4.279194746065287E-4 -4.910682081514327E-4 -9.73020539407128E-5 3.244154482479701E-4 7.91109496556934E-4 -0.002735637863620315
to -0.06758240206541585 8.646734829180731E-5 0.001442691535336024 -0.0071309702581222115 -0.0015504754036094177 -6.905733651358403E-4 -0.0013901595185154712 0.002969610925630885 3.3334861692187976E-4 0.001589769574629717 -0.0011830941948899045 0.001072920209139007 -0.001943181617833478 5.3285740731376466E-5 -0.0013010234102555462 5.956008210973961E-4 -0.003952595078927653 0.0012679696390212557 6.462058747203317E-4 -5.705542099320876E-4
's -0.06669736521210787 8.169378649620291E-5 0.0010443979066363704 0.0012297908390602635 6.577966505389225E-4 6.153655751037784E-4 0.0011324195031484127 -3.826209897630734E-4 -3.573162459617744E-4 1.1942190010465202E-4 -5.64013194355364E-4 -0.0011356707537918352 -3.260236786217514E-4 0.0011482482114460895 -0.001095246454198282 -0.0010069081152560147 -3.7089895762462715E-4 4.2577829427239945E-4 -3.975693829511722E-5 -5.398475991346946E-4
will -0.06308282383935415 7.688659820310976E-5 0.0013049702300173681 3.7505049755879715E-4 0.002040760123795829 -0.0026163968558100313 6.264387751189536E-4 0.004024246837328155 0.0024641377096312166 0.004921751295408684 -0.0011750323796560214 0.0010381831349447514 0.0026344019635786567 1.7969848967797417E-4 -6.377354031518315E-4 -0.0018102852883785162 -0.0019102575413635526 2.9217765019038603E-4 -0.002209404641476842 -8.717136156098984E-6
Chrysler -0.0576189628217934 8.394971199301867E-5 -1.9638944628210236E-4 -2.3916818227804996E-4 8.35461402788519E-4 -8.841170721156426E-4 -0.005193151092531455 0.00396104195310123 0.0011780282227333882 3.192838070030639E-4 0.0045424941927471015 -7.775801676329733E-4 -0.0024516313758351465 -3.5837897760562825E-4 0.0013063934394147128 0.0011491393582184228 -2.7794032610431425E-4 -0.0020229147521417354 3.916804575759078E-4 -5.728085379567046E-4
at -0.06706221040062979 8.193149611473371E-5 0.0010174656828688794 9.191361798275206E-4 4.950464793611694E-4 0.0016075315035816765 0.0012848985554119927 -0.0013069820148874415 -1.176545786379401E-4 -9.15633640792226E-4 -1.8097705245319405E-4 -9.728594822005874E-4 5.366060842348671E-4 0.001462087202741229 -6.072224176905365E-4 2.7655413813867116E-4 0.0010264603683577229 9.159873145037506E-4 9.94791801066582E-4 -0.001138591568234888
said -0.04746991144546618 6.848075042255807E-5 8.812531746764996E-4 0.0025005147765530668 0.0011468920287971013 -3.4788879921258264E-4 -0.0037037652606805426 0.004428545766370105 3.168867332714967E-4 -0.00210420735032774 8.368732957880079E-4 0.0014258284688764247 0.0012781905829987682 0.0018605495351661392 -1.607634318202969E-4 3.88104327934296E-4 9.991045368496403E-4 0.001346473566889271 -3.6054988837079965E-5 7.986664692535327E-4
The -0.05681997169492758 8.366521860042717E-5 9.437795072272647E-4 0.0026184754719401375 -7.458165219636373E-4 0.008131256841172739 -0.0024820598420655037 5.96638661019225E-5 -0.013591520986263924 0.00849163123467225 4.5632423573367437E-4 0.005253427954214685 -7.850140938541462E-4 1.9415929790676746E-4 -1.3883405139069628E-4 -4.0611820932306633E-4 8.842173426349522E-4 -3.446608596132622E-4 4.444829865405267E-5 6.065998153915393E-4
million -0.06441932596261074 8.380763554704946E-5 0.0012547925787644311 0.001777341388223122 -1.5223491708286292E-4 0.0011375700247126855 -3.176068658575364E-4 0.0014737468431588712 -8.500451364619894E-5 -0.001206807993701632 -0.0022372951179743974 -6.752282972062521E-4 -0.002192958573466663 9.145487021156996E-4 -2.383238815948099E-4 0.0012118306584018902 1.3469042940003615E-5 0.003388796821181074 7.289240338856364E-4 0.0014636147746
for -0.07271044679889747 8.374149672257943E-5 0.0010849839918010418 0.001400776176519942 8.76082065425894E-4 0.0010587948857564624 0.00222406730095914 -0.0015240347517268174 -1.3683468640268676E-4 -6.174597405879704E-4 -2.442987257241012E-4 -3.7684873485109593E-4 4.95746864456034E-4 8.642997013543065E-4 2.639232720677714E-4 4.707966594311627E-5 6.328552354954154E-4 1.9680760914613264E-4 5.985138038450241E-5 -7.402890738761347E-4
$ -0.025163013860134083 5.672019998763726E-5 -0.06567480296543607 -3.768324813454079E-4 -3.3649903294182015E-4 -0.0025768505959583255 1.033029044526587E-4 0.001500066627122064 -1.56166403371748E-5 1.2035512876356324E-4 -0.0014603123405056045 0.0012231731104219434 -0.002178637625464194 -4.9549384960874534E-5 -0.0013740977788086269 -8.815427384593757E-4 0.0012701077947353406 2.212694411463353E-5 -1.2144595767804644E-4 -0.001204289528820654
said. -0.05879711304260896 7.871645866983112E-5 0.0014682827911670097 0.010443604288870917 -0.025474395666553715 -0.008885575565964346 -0.0021633689057213258 -0.0037529315605361016 6.470949727031317E-4 0.0011858616592553342 0.00125982569589733 7.112760073805723E-4 9.906996783562742E-4 6.867751633712617E-4 1.2302386255425078E-4 -3.779794140943894E-4 -8.646651306669856E-5 1.6560388106221573E-4 1.9496228923778316E-4 2.678410680310221E-5
Tuesday -0.08051727320462067 7.752151851625651E-5 0.0015360773923344762 -8.46399918466672E-4 0.0013128132804553585 -0.004654351256419722 0.007328223072643878 3.2267485450996805E-4 -4.937642279449224E-4 -1.0101355703965903E-4 -0.0017081844085034908 0.003025618300397242 -0.0017534592532267557 -4.8817239197729685E-4 0.0044874165654794984 0.0012906494234564776 -0.0017230789441669352 4.5529664445345956E-4 0.0012348658495917868 5.506574747411257E-4
was -0.06432728933484244 7.9610231517289E-5 0.0012913123698846578 0.001536472750781817 7.489092918323916E-4 -0.00199106278607133 0.0016466805155224069 0.0044970669609658495 0.0012115338036188003 0.002061127311213789 -0.0022958974058269756 -7.006994823040751E-4 -3.918098996685016E-4 -0.003360338636654957 0.003583306003338676 -0.0025990041821562066 1.3153013692459312E-4 -0.001740800082509169 0.005378570246425835 3.295308208416209E-4
about -0.045575347418653656 7.739818494751205E-5 -0.024795494815668062 9.048734354138789E-4 -2.3891174953429397E-4 0.006519952041655535 -0.0014457562051502575 -0.0036044196137964015 3.9154777956397436E-4 -2.3220438613795152E-4 -3.2580646768771336E-4 -0.002122155340346261 0.006373007849998699 8.357579507863967E-4 0.003766343020922694 0.0025519301584517756 -0.00311003151171228 -2.8109009287230366E-4 2.594225128051836E-4 0.0028197235032851936
from -0.06421362558068917 8.443428041648284E-5 9.677971254833717E-4 0.0024734142321389246 3.0150202498536956E-4 0.0031406375199403594 -3.0170318750164307E-4 -0.0017064464423100678 0.0011981225346755669 -7.268665872816705E-4 -2.658140592851708E-4 -6.21605114874547E-4 -8.759261414367344E-4 2.0895585831976133E-4 9.834929219993261E-6 -3.7961277679956124E-4 9.59951438780173E-4 -8.255896861747337E-4 -4.1743050661048896E-4 -2.8272902621788693E-5
is -0.05683017125379204 7.202528552629932E-5 9.151668728309504E-4 0.0016248890832413463 0.0017679538754843554 -0.0014645176474383653 -6.366004303583677E-4 0.004929847113261553 0.002661623114095543 0.0024027913190061523 0.001690890191313387 7.59877649873174E-4 0.0025536285488030985 0.0014470730043317855 0.001166481128380775 -1.4800986162606796E-4 0.0031257672732886827 -4.2916900704801026E-4 0.0012717301433407384 -4.7211177287165084E-4
be -0.05957761270398512 8.275112203391935E-5 0.0010006103441178482 9.562650453859139E-4 1.8794724570316573E-4 0.008791169762140331 -0.001705251926152731 -0.006713515366578922 0.008100284276778393 7.782722293371818E-5 9.751288915382581E-4 0.009357709210562466 -7.088750598462655E-4 -0.005105768630009475 -0.0018523631223531227 -0.0011207807217694006 -9.26001931310907E-5 3.7770465675796526E-4 1.3677147328910986E-4 4.2102764156541034E-5
on -0.07131628134858016 8.060029854755432E-5 0.0010526921786872037 0.0012700194492488589 7.724724594256629E-4 -6.570760750242169E-4 0.0028496876444819466 -0.0010705910422666972 -2.4412255253974878E-4 -7.545310063615593E-4 8.082317768887363E-5 -2.076472175446304E-4 -6.147243716942186E-4 4.972294961923969E-4 2.7900861925423645E-4 -2.7526637296192684E-4 4.4115098564841197E-4 -2.995814157998451E-4 -3.5688439528499914E-4 -2.9864312348478443E-4
plant -0.05455303244628312 7.522296468248874E-5 0.001067310608243253 0.0038653425712049322 0.0031951979613074853 -0.004639358613007784 -0.008130684526520637 0.0028767823941105853 -0.004366501843282387 -0.009091700499869286 9.435364505987683E-4 0.003334376755421195 0.002606479414442626 -0.0016037666350120806 1.2684821952482978E-4 -9.967173827134738E-4 -7.803837070802124E-4 -2.9980661728015045E-4 9.643302177719857E-6 4.332658239621508E-5
Mexico -0.0720470014578353 7.986337779211282E-5 0.0010480012943489497 -6.426775695177826E-4 4.139644790480669E-4 -6.064869739157175E-4 0.0034950397782532493 -0.001841849798030316 -7.158006627820787E-4 -9.038210094992319E-4 1.4888927697981813E-4 -0.001006656442810166 0.001703128805725833 5.7510615016279864E-5 -0.0022784951012148366 8.320833327115603E-4 0.001721493587831395 -0.0012724710322556197 5.161822509313443E-4 5.224304483886279E-4
. -0.025500147788057467 2.8489127762093674E-5 4.933075017675996E-4 4.208778373771362E-6 9.2169382076824E-5 -7.359497044746524E-4 9.910217418677458E-4 6.162949302709179E-4 -7.4912761601838E-5 3.911940546863424E-5 -7.452006587193634E-4 3.720326553973962E-4 -5.401873355594752E-4 3.92680002274136E-5 2.6168962314037297E-4 3.654048238849264E-4 -6.970682104311932E-4 2.137978348130293E-4 -7.748457025083934E-5 1.5874648969798553E-4
Corp. -0.0646150187313774 8.096155293180226E-5 9.329733238636175E-4 0.0015617624855502408 4.7077194337584585E-4 6.34817506744475E-4 3.6014169436387474E-4 1.2888761973263424E-4 -8.155861969679123E-6 -4.5943236334601296E-4 -3.592755288105738E-4 -9.572622956234345E-4 -7.28689367846403E-4 9.017801823854616E-4 -5.399464718043517E-4 -2.623590043849466E-4 5.276083542845651E-5 -5.1165616852639E-4 1.294341250081152E-4 -6.33979455929706E-4
that -0.0569139324039367 8.389589606389617E-5 0.001041057332598611 0.0029313259330158905 6.551900366695353E-4 0.004735687171519124 -0.00254095506405462 -0.0018180099510148994 0.002148436715836523 -9.929296554673258E-4 -0.001513312971291232 -0.0014414227615696445 -0.002561471648431276 0.002057458874597923 -6.705216169524303E-4 -0.0011252243351888736 0.0015712668765296572 0.0027261435971642186 4.5754878475586685E-4 0.0019132733831651297
Jeep -0.06492863114459754 7.904392213369E-5 0.0012099502643686418 -9.494895267554015E-5 0.0012229414352139727 -0.0012868927320334137 5.560308512154153E-5 3.2397050978412434E-4 0.0016293097678308469 0.0017142055026081007 -0.001521712231158447 4.120292813828533E-4 -6.026476054605992E-4 9.812362988264626E-4 -0.0016848766435584727 -0.0011243863898467237 -0.0020039999927375534 -8.936037173151831E-4 -9.35969997167686E-4 -2.9160333099138657E-5
it -0.06877834139232654 7.961108228573769E-5 9.544513047636355E-4 0.0011488385297239326 8.945855198317566E-4 -2.289102566151896E-4 0.0022477949297917852 -8.342798998150742E-4 -2.4896152584820473E-4 -7.12634258802837E-4 3.975663028487561E-4 -2.02795409823484E-4 -7.699804147244643E-4 8.037825115315062E-4 5.198495754725005E-4 -2.1001405956979036E-5 2.973127409496085E-4 -2.4480729477036544E-4 -1.0023355340839374E-4 -5.207510286227476E-4
market -0.06418808361373836 8.313383820238373E-5 0.0012641250439025537 0.003935495920946205 -1.4341412980829729E-5 -0.0013461302953375663 0.0019488603154342256 0.006278769303614431 5.483076290354383E-4 0.003393014183446943 -0.00270707024290183 -0.0030219002633295974 0.004067353260195254 -0.008188646135987729 -3.8505529866231616E-4 1.0073355939740425E-4 0.0015533132997670748 0.0021914366205062585 -0.0018304097255722495 -4.0602456353860185E-4
Brazil -0.06754610170442145 8.056757888598098E-5 0.0012012014265303681 0.001301171424858229 9.61871895566735E-4 -7.504756450632115E-4 0.0019688061127296065 2.0093602749717004E-4 5.15915319151742E-4 -1.3066535358190526E-4 -0.001808581966446787 -0.001095635684045199 -0.0013255205238750238 0.0018368957969592458 -8.65958729890744E-5 -0.004062634792407413 -0.0010030016336960385 -0.002432987924671899 -0.001604880330772711 0.002051330543897236
with -0.0640564633514053 8.120448067548847E-5 0.0010262001460370944 2.2548010644261909E-4 3.7580360721719376E-4 4.057161067433437E-4 4.646274352909567E-4 8.847062110025833E-4 -0.0015269114566461117 0.0014332373184255333 -3.904277542237415E-4 -0.0010933769648766246 -2.0059511372644726E-4 7.842413601817916E-4 -0.0023279761371250945 -2.105446895900616E-5 -0.00256071921940132 0.0012537293844265367 2.864756589773634E-4 -0.0018840412890942944
by -0.06784395095831174 8.354108211536714E-5 0.0010928290642942696 0.0021966466759720566 2.943087899437673E-4 6.566609618639621E-4 8.722931126903065E-4 2.5820921710841715E-4 -3.699438203116413E-4 -9.13611776961176E-4 -0.0011159609110032798 -0.0011314135020060948 -0.001127926064708582 5.038412612705939E-4 -2.3121950365519718E-4 -1.4763682339971807E-4 3.364204305957189E-4 -9.355189172012104E-5 -1.261767136973411E-4 -1.874866041306411E-4
he -0.09393313576276574 1.0375198279629216E-4 0.0018369540266055728 -0.01979094169521017 -0.004234656513209286 -0.0020467365321878393 0.001485973448445096 -0.0014724870388152479 -0.0017747051793299354 -0.0014287009785386353 -0.0012664796421862693 -8.496234450009577E-4 0.0023832099274545596 -0.001008110291779924 -0.002958040001636755 8.565034886379238E-4 0.0030550624269835174 -9.925762456813164E-4 8.04520045180117E-5 0.0015173762830985294
has -0.056187425941819316 7.349521073626923E-5 0.0010088956115811003 0.0011608915158818117 0.001667597591402052 -0.0019515344924148936 -0.001674545927971697 0.006221711598756157 0.0029827882000614207 0.0025272139521184955 0.002249054924600058 0.0021287720374885914 0.0016556752159085932 0.003487832919512809 9.481550281490087E-4 0.0012365142816419116 0.001262070169573242 -2.472906076863201E-5 -7.685942582409483E-4 5.620482281738012E-4
which -0.0654295823068463 7.716027592343606E-5 0.0012180673028197775 0.002753071617916617 0.0016857547755324259 -0.002721423592767233 -0.001744359091583234 0.0023204703582319743 -0.003547251577507911 -0.00794392007755156 -5.773632358734357E-4 0.0032691709437579295 0.0024540870849380685 -3.0558541731219276E-4 -7.9825914882997E-4 -0.0014271365406852987 -5.502328456191851E-4 9.889728506671223E-5 -1.0409348392168287E-4 -2.831806639679708E-4
or -0.08544613701654766 7.53620907992744E-5 0.0014188454256987431 -3.7329678004478507E-4 0.001988753129108885 -0.005167155860828743 0.00995229558099934 -0.0035177224648629277 -0.001028087017168411 -0.0015279048066709371 2.1538707146902988E-4 0.003355748350826854 -0.0010732696229996848 3.406884614748403E-4 0.004675856519559074 0.0016114569689520627 0.0010101048596066 4.4416002393241337E-4 -0.003149983184363598 -8.323241218350686E-4
Mercosur -0.06079995917416522 8.183649455887635E-5 0.0010257563781261893 0.0018589330137886624 5.924481540013882E-5 0.0016878208424766844 -0.0010226881151414713 8.842276394871608E-4 9.944924021111694E-5 -0.001066585086744279 -0.0012497340743947633 -0.0011236412776395677 -0.0016311577490160391 0.0012901872381797617 -6.475695792060978E-4 6.861769560305644E-4 4.0923234224547376E-4 0.0025336598156022426 8.665085538400335E-4 7.916937468972591E-4
year -0.038717719485186465 5.625936474595669E-5 8.069088249562272E-4 -5.563322473288507E-4 0.0012986922970958654 -0.001330739994474629 -0.003353028632964179 0.006251759892369406 0.004197011378303268 0.0033031745485070374 0.0024123447337315697 0.0030630305509434155 0.0014231778479753593 0.003484427738256808 -6.99310960441431E-4 0.0015478225555833238 1.1930804647254263E-4 -1.527792075397699E-4 -4.759566271101363E-4 2.711855610286891E-4
We -0.06464259258775097 8.097605290749912E-5 9.219436189957837E-4 0.0016767108001692265 4.908752576022629E-4 6.590575904130776E-4 3.896992534773195E-4 8.632236676473033E-5 -7.06473316971663E-5 -5.110981642470566E-4 -3.2147935552700004E-4 -0.0010469817945007837 -6.876752687747155E-4 9.106330960899143E-4 -4.731484568402908E-4 -3.081979303800859E-4 1.650986967080837E-4 -5.2573450123761E-4 1.201304327407978E-4 -6.367438285237977E-4
rates -0.06241207267377473 7.211287196973373E-5 -0.005976383324014755 -4.2084177697470927E-4 0.00215570645160831 -0.0030989390681439724 0.004094025542779809 -7.443537977210608E-5 -0.0012056297946831007 -8.75596663934209E-5 0.012946507199999381 -0.0023694234717670523 -0.003251940462015332 -0.002887876294509064 -9.689807660052325E-4 -9.618024873023827E-4 -6.21183980357205E-4 0.0013121802803906719 1.9821025674266723E-4 0.0017365950018743785
Argentina -0.06108465536740945 6.7238192083477E-5 0.0012569124183207327 0.0015669744579297443 0.010494642752812677 -0.014790402590006788 -0.01135098246168582 -0.011259823719162659 -2.0320059220258786E-4 0.004789533458312926 -0.0013128368077445444 -0.0016023599208303742 -3.347409708047963E-4 -0.0011294723103456078 4.15618131122082E-4 9.514381779744956E-4 3.963224037906948E-4 1.8146290836649196E-4 8.912220812411319E-5 4.916412078981268E-5
one -0.08024572714599638 1.1078830652727898E-4 0.0013819829820463543 -0.023134708212788912 -0.006008568410712174 0.0023401714418989955 -0.007286617274987409 8.22509302830523E-4 3.2543599710624463E-4 -3.9160418605440565E-4 3.690822042950638E-4 -7.743539724070903E-4 -0.001373987037874641 -3.8330637093536714E-4 0.003883460838117067 -0.0016404474915942607 -3.4358471341650916E-4 8.391144803812049E-4 -9.314117638938267E-4 -9.805067335533146E-4
its -0.06464259258775097 8.097605290749912E-5 9.219436189957837E-4 0.0016767108001692265 4.908752576022629E-4 6.590575904130776E-4 3.896992534773195E-4 8.632236676473033E-5 -7.06473316971663E-5 -5.110981642470566E-4 -3.2147935552700004E-4 -0.0010469817945007837 -6.876752687747155E-4 9.106330960899143E-4 -4.731484568402908E-4 -3.081979303800859E-4 1.650986967080837E-4 -5.2573450123761E-4 1.201304327407978E-4 -6.367438285237977E-4
% -0.06126547279463264 8.232142155336382E-5 4.8803549880991785E-4 0.0013848707978103283 6.199834609159693E-4 0.004499553543106347 5.346694192141993E-4 -0.002556249599855003 -3.081245231708194E-4 -1.581677741714171E-4 0.0031079932547384255 -0.002818918786941624 0.003603798582941935 -2.4147848411446146E-4 -4.6154732017922355E-4 6.282566202432974E-4 -8.911740067744409E-4 -6.323476418494556E-5 4.822913717524735E-4 -0.002561968915539073
8 -0.0021180909589616943 -0.11999588413823416 -1.827370590132221E-5 4.373146987336575E-6 -3.4708386188751133E-6 9.348577556545708E-6 -9.937057886474724E-6 3.1897718494350876E-6 6.915080202988776E-7 6.800282813366428E-7 4.6754465388564463E-7 -1.2802502016850912E-6 -2.1004512707154854E-7 -3.5876005241217094E-7 -1.7284671414928354E-8 -1.5646863727109962E-7 -1.4401803611744327E-7 8.012853122773883E-8 -6.346580728186107E-8 1.0129221796100116E-7
markets -0.07735219448269305 7.705572385325049E-5 0.0014237704391531444 -0.004250307127284302 5.89772873108386E-4 -0.0027677617105726646 0.0046909391572936224 -0.001466272972825016 6.242174497817199E-4 1.9825873981828716E-4 -8.877800533758888E-4 0.0024900817743357733 9.733699665865396E-4 4.3216205710107684E-4 -0.004639622154307673 0.0033000315920954557 -0.0011782609257021323 -0.0018067897237970876 0.0018691742889724984 6.396496193219133E-4
