<OOV> -0.08373722983109409 -0.0024202696363502655 -0.0018375894649202518 0.002309945125924907 0.0013527678017766448 4.700558246099265E-5 6.82069039634592E-4 2.043475387413009E-4 0.0014812519356529154 -1.6987677342887697E-4 8.104838423473484E-4 -0.0012038149037380667 2.2185487595706197E-4 -6.911299218250026E-4 3.5224779462771067E-4 -1.382097689426128E-4 4.3287503157510564E-4 8.017296227777847E-5 1.4808088274472777E-4 6.434936724565068E-5
, -0.06389953530592214 0.011990691502687879 0.007293582911777704 0.0018765031319898928 -0.001499592206087972 -0.004490091282526257 4.977796950972876E-4 2.5937439620357975E-4 -0.0022043363017356025 -0.0015534067956909008 0.002439941915016788 0.004957880051121425 7.629768525231766E-4 -0.002268086897435433 0.0033566188206227638 -0.001160152712633374 -4.611921309220696E-4 7.702321882808313E-4 0.0014333420574155259 2.4599913945480135E-5
the -0.07389472836998154 -0.009791913174732417 0.008802118731605949 -0.00484487119232973 0.0023389833540382893 -5.485657139743721E-4 -8.548872314821964E-5 -4.6991726802219405E-4 8.183042101248995E-4 0.001492984430052405 -9.867543630191795E-5 3.5462676886755293E-4 2.36527763867149E-4 -2.1882929582089252E-4 -3.4308816950570225E-4 -6.044322330326429E-4 9.654746761561578E-4 3.859661353210796E-4 -8.331600517467048E-5 -4.0665869873352E-4
in -0.06826014985195462 0.004991882577468203 0.0022353321570954708 0.0021418417956606695 -0.0013553093351848652 -6.03736810960994E-4 1.0966490475950551E-4 0.0028368895288692357 -3.5479910750474045E-4 7.362967433664238E-4 4.988051263490076E-5 2.685684616459E-4 0.001056327860840027 0.001287006501287075 -1.3210054058851133E-4 3.9445535224464696E-4 -1.0722600087678806E-5 -5.369665570220428E-4 -8.179652788267875E-4 -2.7933162855143417E-4
of -0.07153163440764528 0.004186542153448719 0.0011143587006455125 0.002575660337311429 -5.931385010964377E-4 -8.035348857472969E-4 1.7574422276152234E-4 0.002466282278630595 2.2907583711198265E-4 7.989788456438084E-6 0.001892625694096223 -2.423441583579358E-5 5.012451926467873E-4 0.0011496959397629134 -0.0012801946405931765 7.260866456330719E-4 -3.1028933550779244E-4 4.418646131659047E-4 -2.7389306156717463E-4 1.0666701667908541E-4
and -0.06287972452393271 0.007090535619180362 0.0030004953102609113 6.40722690475566E-4 -0.0023687155387920556 8.446407057025988E-4 7.260549595765626E-4 -0.001880997061111245 -9.674231740739478E-4 -9.324288567337812E-4 -1.5381169121062523E-4 -3.8257910466021807E-4 -0.006496185952452574 -1.5523664418096218E-4 5.450660262529138E-5 4.4230447592377616E-4 -2.529804762360232E-4 -0.0010261489075172766 0.0010685231110598653 -8.109313067633831E-5
" -0.06482720514734064 -2.6328927579563654E-4 4.5993428167365755E-4 -8.521582173035872E-4 -0.006948449769587008 0.01072246485464985 -0.0010137521429491008 0.001556241319805815 -0.0018539438634173268 -0.0021363275810044983 5.591025990802145E-4 5.320888735090048E-4 0.0019382029704927192 -0.0037506547671196508 -0.003898719347908216 -0.0036010227104894582 -0.0037063534995515897 -0.001120851222328925 -6.300872070077217E-4 0.0017242210026855215
a -0.07845407390129852 -0.004162158289361581 -0.0037024555732784476 0.0012549946684442164 -6.632101824111617E-4 0.0023143399355771525 -5.164932431279011E-4 -5.623047780078021E-5 -0.0010865722204023089 -6.312247582646619E-4 -2.0563725532482196E-4 6.971976778596336E-4 5.991757017246254E-4 -1.338645426045428E-4 -9.461002245659723E-4 -1.4696780407859664E-4 0.005346453908016305 2.2798201301574617E-4 0.0015097894138381615 0.002770493660599417
to -0.06854404297753076 0.005549425176093347 0.0021352912069391317 0.0021479141902218954 -0.0015239635638774065 -4.386551207054413E-4 1.949004644690005E-4 0.0018125476382859851 -3.1789152770626627E-4 1.7598275977276126E-4 8.932436327138408E-4 6.559470775639218E-4 0.0012932277737442216 0.0012225616057404453 6.888554371448994E-5 1.7740415597040454E-4 7.08883580533663E-5 -1.3350689940694015E-4 -8.761355729317333E-4 -2.9328175962176436E-4
's -0.06179165175366194 0.012790420862644956 0.003700402140274759 -0.0012227138768692528 9.57261903223855E-4 -0.002753320058293092 0.0021999672955235906 -0.009154790090860643 0.0016493692898490765 0.0012427705740489883 -0.0010691777383973634 0.0011553490283422014 -8.708844955928654E-4 -0.005900810081386176 -0.001574517872327301 0.0016159645005844698 8.165970678207118E-4 8.062905813792711E-4 -8.288025758807843E-4 -2.399774866042184E-4
will -0.06440458072006446 0.00411181852049091 0.0013653798588684556 7.497509822709258E-4 -0.0031145042215141015 0.0030488451161203873 4.489299621170997E-4 -0.002428844000651033 2.9500939903923194E-4 1.8652463998108032E-4 -2.274389266069965E-4 -9.721753906381573E-4 0.001079095425841391 0.004001995913464083 4.279743321845873E-4 -2.2597581342815562E-4 -1.1342528506629244E-4 -4.667135461146484E-4 -3.9868077506793057E-4 -2.9653913300411295E-4
Chrysler -0.06589125069288858 -0.003549859148730023 -4.869054788778736E-4 -0.0011838574421379556 -0.005011603821873932 0.009506992347304573 -6.867577805171099E-4 4.2187182853512054E-4 -5.727325162098571E-4 -0.0014393214794913242 2.1642415575624753E-4 -5.828313291821677E-4 0.0010792597828174755 -0.002919559743434181 -0.0013763200501190392 -0.002125037600354025 -0.001141454588322632 -2.846767134147314E-4 6.445690630832748E-5 3.301535486674713E-4
at -0.06507598059921417 0.006876780908800924 0.002623018571296737 0.0029213346552223597 -0.0017279306582825833 -0.001421268797891651 3.7478568293345717E-4 0.004481954465253381 -9.211371201411368E-4 0.001999628499073975 -0.003662404922452292 -0.0015048187732311508 -0.004425451177249901 6.764270944256057E-4 1.8664096604317738E-4 -8.56416337146062E-4 -3.56985365071546E-4 -0.0011747552699691256 9.129261179572846E-4 6.049995150685066E-4
said -0.05069261313373915 0.007126502448919189 -0.01000211502770248 -0.01924696141281515 0.0035667939777108597 0.0021862870769715883 -6.297984063956596E-4 0.0010771040037540801 -4.734893661966374E-4 -3.9300107900999026E-4 -3.8306225679865156E-4 -1.3255642902256325E-4 -1.7347842710766482E-4 -1.231666870075992E-4 2.0760701332557394E-4 2.736367751039325E-4 8.61688145009421E-5 1.308914148612007E-4 3.697795258365371E-5 -1.131671988929184E-4
The -0.06929334117108799 6.414430453464613E-4 -0.005451901427731684 -0.0022593790585722605 -0.005359854747013899 -0.005844409192470748 3.203609460411631E-4 0.0011458797440338981 -5.24826314206176E-4 -1.0822999399386035E-4 9.804822613182402E-4 2.833843647739223E-4 3.184983308078707E-4 6.075735041863893E-4 -6.093657973379835E-4 1.766435506392475E-5 -1.208366695876554E-4 -2.657866612201398E-4 -4.654550463190081E-4 -4.994228087579533E-5
million -0.07101757327009196 0.004424169742685688 0.0014333296806361702 0.002379100045896833 -7.575360325307326E-4 -7.888171003825726E-4 1.4180332116335337E-4 0.0023187745368024796 1.2405695388305844E-5 1.6813065016735278E-5 0.0015655531891624309 2.9349497521314385E-4 4.7436543373414824E-4 9.769823572649923E-4 -7.605434264587937E-4 2.459526768718853E-4 2.9797856740556946E-5 -2.864947613113928E-4 -6.838227646812706E-4 1.1906075982662676E-5
for -0.07101757327009196 0.004424169742685688 0.0014333296806361702 0.002379100045896833 -7.575360325307326E-4 -7.888171003825726E-4 1.4180332116335337E-4 0.0023187745368024796 1.2405695388305846E-5 1.681306501673527E-5 0.0015655531891624309 2.9349497521314385E-4 4.7436543373414824E-4 9.769823572649925E-4 -7.605434264587948E-4 2.4595267687188457E-4 2.9797856740555428E-5 -2.8649476131139287E-4 -6.838227646812716E-4 1.1906075982662933E-5
$ -0.08906391932930935 -0.009543232490768671 -0.012785861877685819 0.009345281493972648 0.012179286699783983 0.0016108358534625772 0.009488983697317937 -0.004848105271862577 -0.01888511915132834 0.004081147401829787 -7.371883893792268E-4 0.0017779967799673691 3.405194665753018E-4 2.4412941142336927E-4 1.4602813988234549E-4 -1.9032497406053114E-4 -5.000304468511711E-4 6.557336225211435E-6 -4.578089951321165E-4 1.1491209404443462E-4
said. -0.04228753747435957 0.017097565695994053 -0.011017511489670785 -0.028969985916577085 0.01609828593546734 0.00497810947000682 -0.0012233322585808264 0.004687681866037121 3.600258058119729E-4 -1.98096134956866E-4 4.465555460036543E-4 -2.836355523212673E-4 2.0377625188300306E-4 7.908934124103768E-4 2.980809261322052E-4 -6.785427571459557E-4 -1.7230998218368515E-4 -4.792363479323293E-5 2.3511534592547263E-4 1.5542254503932948E-4
Tuesday -0.055303632657500545 -0.0052726084634029165 0.02123204727062997 -0.008628860142092704 0.003770478265049451 -0.008399233109777226 -6.497361770279412E-4 -9.959044139387582E-4 -0.008275355636416397 -0.015527475268776124 -0.0026051570273667875 -0.0059634939165984875 8.415963254398101E-4 3.4652787294823294E-5 -3.5212902726951506E-4 1.3332925359540028E-4 1.1887209575566523E-4 2.485855887550964E-4 -3.4501105915226793E-4 -4.2051665671368025E-5
was -0.06367391704644504 0.012065337462559134 0.006806227355174446 0.0025187333899269406 -0.0019792712807622063 -0.004368365348353644 1.4992317726558542E-4 0.002298758047486185 -0.0025784740756977127 -0.0016161222663476714 0.003873622772099935 0.006238118536604817 0.001746270265675061 -0.001517943949287882 0.003923506907415788 -0.0019398051271238578 -7.134518293796423E-4 0.0010990567246477103 0.0021980736444911966 3.660556224271554E-4
about -0.08030163729503068 -0.004647661817848467 2.8577908386529704E-5 0.0013247785050583454 0.0013821085175531698 0.001707439147214261 6.628223215939101E-4 0.0010832147118836094 0.0017405851935214157 -2.604589613180362E-4 4.205169981438143E-4 4.7799896710419554E-4 0.0010473757680425659 -0.0013013918630678048 -0.002745763631904254 -0.003624146495144531 0.002319438987665026 -8.247205516974024E-4 0.001812182498427875 -0.004152736088578145
from -0.07101757327009196 0.004424169742685688 0.0014333296806361702 0.002379100045896833 -7.575360325307326E-4 -7.888171003825726E-4 1.4180332116335337E-4 0.0023187745368024796 1.2405695388305846E-5 1.681306501673527E-5 0.0015655531891624309 2.9349497521314385E-4 4.7436543373414824E-4 9.769823572649925E-4 -7.605434264587947E-4 2.459526768718845E-4 2.9797856740556255E-5 -2.8649476131139244E-4 -6.838227646812719E-4 1.1906075982662906E-5
is -0.06292455472468517 0.005203902817284356 0.0017207155507844272 0.001335322964707857 -0.00352386502871069 0.002821030912426093 5.422679255959261E-4 -0.0027538805197829786 3.9556512413273053E-4 3.995620743111551E-4 -2.1635474101308808E-4 -0.0010735110783603866 0.003780369369444079 0.007725998355842289 0.0019683322597707554 -0.00153478037209529 -5.260163155595305E-4 -8.696946153381564E-4 -8.540941351024782E-4 -6.820701665212772E-4
be -0.09869919019455907 -0.008089472299578434 -0.012321750503943118 0.008830827299554925 0.007819059100127314 6.12582474543363E-4 0.004246321273564867 5.992767795568823E-5 0.009710801288069539 -0.010437737146643398 -0.008751659627986637 0.008175843628209303 -8.98222807594296E-4 0.001256730188273785 7.647962765095348E-5 4.783256071268649E-4 -0.0012831316223029278 1.4407692583077707E-4 -3.2577064271303353E-4 1.4977501392314052E-4
on -0.057486166031209984 0.01013787028928267 0.003935675327681194 0.0038189804161821122 -0.002353923750919833 -0.0033994584422185527 5.357037363007288E-4 0.0092493363498178 -0.0016444516284450387 0.007219687431367249 -0.014453282417891336 -0.003966789585679228 0.0029621716947955627 -0.0019941528803109187 7.124537840963748E-4 -1.0336687435201965E-4 -1.30063578338115E-4 0.0010046363854460329 4.338845034248579E-4 -1.018075797686662E-4
plant -0.08523341170632555 -6.650003329214108E-4 -0.004172651347302273 0.005026053672957813 0.0027755826670205963 4.2770432663625195E-5 0.002345453141907262 2.0979691118384487E-4 -0.001346615355241484 4.609607861090545E-4 0.0020050694670907163 -0.0027399126729273117 -0.0024538401274182666 2.3596110601773121E-4 -1.3859825176431998E-4 0.0014802759705511248 -0.0021304682548297523 -7.407414941475429E-5 0.001313927203536093 -0.001640304685542257
Mexico -0.07077579510570228 -0.016863316264210178 0.008573337048823685 -0.009874894462178324 0.001874247961334769 -0.004906928833901359 -7.363660147608404E-5 -0.0013194413301247665 0.0024975087700894465 0.00543284333436229 -4.8189377475712055E-4 0.0018131618470360602 -1.7143808106726845E-4 6.527453378042341E-4 -1.8723599080609E-4 -6.242617965154144E-4 -6.774711728227468E-4 5.19163429919514E-4 -3.6522968053686596E-4 0.0010186693209358597
. -0.06507620785895327 0.0034638578186778376 0.004625519412748266 6.562046992438278E-4 -0.001116518265685761 -3.825448507376395E-4 4.089682791193469E-4 0.0013536252307612777 -4.0440258791817437E-4 0.0010078586431221301 -2.772679931739051E-4 -5.72546602638545E-4 -0.010727426048079466 0.0016387236161342317 8.461258754147541E-5 -0.0018797459880641357 -4.515103194178564E-8 -5.648835295799363E-4 -4.628416278371247E-4 3.086910326205515E-4
Corp. -0.06691684717587447 0.0069236590032680165 9.355280875009295E-4 2.8427557602848995E-4 4.6887878895806326E-4 -9.047123695722153E-4 8.446712091467494E-4 -0.0018144162267534928 9.887187826884425E-4 6.247068301669253E-4 5.0516939254507E-4 -4.1398002330229114E-5 -1.563135783732574E-4 -0.001638468334543218 -0.002072485639571583 0.0014396907682559593 5.069526312249544E-4 -2.289335245804224E-4 -0.001530870598306546 -1.6500848354405754E-4
that -0.07264697201885854 0.0026187852317624714 -7.391622987534843E-4 0.0032416904016748568 8.097760872024883E-5 -5.920831019100007E-4 -0.0033974567947048697 0.0013145297403695346 -3.7838722437844887E-4 -9.140100241632257E-5 0.0011211415072061343 2.865536819414251E-4 5.026791519375769E-4 8.398705945115142E-4 -9.735846779586291E-4 3.0527548674152337E-4 0.002231414551184651 -1.9952323304742137E-4 -5.707244708661271E-6 0.001609598975364254
Jeep -0.08397629202686276 -0.005981861278933 0.0019429861557510753 2.5504858527504253E-4 0.002655536065775902 -8.561648111718659E-4 5.375167169141626E-4 7.175021379133632E-4 0.0026898623631018566 0.0016395178604621703 0.0014857773186566937 -0.0015360129480092588 2.8640235168723587E-4 -1.2597675137024524E-4 9.029535995791702E-5 5.687412075693429E-4 -9.27414966117191E-4 4.5634495294521945E-4 5.015627759904926E-4 -1.989312104965904E-4
it -0.07408197488350665 -0.0071902926899933585 0.005239685352263977 -0.0030369165039292067 4.1176176617215997E-4 0.0013670385920272995 -3.6129588097007727E-6 -9.756870702870728E-5 0.0016870458538417942 0.0025600033752076158 8.180890868554046E-4 8.518998130937324E-4 -0.001984229154794729 -1.947771000805013E-4 0.0020281398893515165 -0.0024906365981379897 1.9497015091712983E-4 0.004738658592082753 -0.0033677073437003587 -1.456995480971566E-4
market -0.08207146911367763 -1.7545446440026066E-5 -0.003300661554783773 0.004400441770814192 0.0016950673809170418 -2.726765552227321E-4 0.0011422324260082473 0.0015109711606606938 0.0015908639221716178 -0.0013417471696660944 6.33137101430088E-4 3.2783220779411535E-6 5.107742808756475E-4 4.083333942017824E-4 -7.582734603308801E-4 -1.908738470657983E-4 0.002139549649889958 -5.600578239033863E-4 1.652458125875024E-4 -3.5773764912604574E-5
Brazil -0.060917984700919615 -0.00724325359081187 0.010141269105950111 -0.0066638921045791746 -0.001456168173250127 0.0026698847015804938 -6.250694477689146E-4 -6.803389191265587E-4 -4.31557669147878E-4 0.0024269922706430854 -5.48097222792718E-4 0.003418232458589171 0.0010002806746564146 -2.690804151606148E-4 0.0019739925842041364 0.002755558997238962 -8.394776919473536E-4 -0.0020794972302165676 4.7683899184735803E-4 -2.2986329778055558E-4
with -0.06278125367605789 -5.8686819210739E-4 7.917095215078673E-4 -0.0018182923767708302 -0.00522648559953018 0.007543456372410506 -6.456750893818517E-4 5.9048288067937256E-5 -0.001280215763780487 -8.337561383611098E-4 -3.6774128391929236E-4 1.6983014390753093E-4 -2.2743165470993267E-4 3.759937542368499E-4 6.919021767459398E-4 0.0013257259167859551 4.519106984124303E-4 3.891748131355554E-4 -1.876155424567116E-5 -3.037807792528724E-4
by -0.06235435272483626 0.008687647963013785 0.0046833066607894335 -0.0012905356613264255 5.720212556032728E-4 -0.002247340352131981 9.271936651385575E-4 -0.0026137295065095777 3.8915035418169303E-4 0.0013267258298004059 4.901976863356474E-4 0.00278262656752679 7.96331923284735E-4 -0.003196435825528875 -3.575368539319767E-4 0.0030101969020093346 4.113051819248544E-4 -0.0015902837711176036 -0.0020580009731722576 -0.0011586333080221536
he -0.06212954146285943 -0.004628296201601074 -0.008260274591156946 -0.007163452698196089 -0.010469120638774513 -8.637877782656735E-4 -2.5010257410239966E-4 -0.0010528661858765934 -0.0017380008180727042 -8.303663763663346E-4 -7.61176959761867E-4 1.8108229624969266E-4 -2.948950409228201E-4 3.646337404340026E-6 6.029832282660738E-4 8.053868397258617E-4 1.6664209497377333E-4 2.8165169836783465E-4 1.3938316148355968E-4 -3.23107884017044E-4
has -0.0574203422728945 0.01385218099619125 0.001726398879278339 -8.094333915560539E-4 -2.0356999474538054E-4 -1.9980007078795073E-4 0.003757569095956188 -0.02006905733769629 0.0044790564556098506 0.0017518385641777355 -0.003004858964521426 -0.0031052697831844655 0.0012992555064657092 0.0018841477386593558 -4.0454897994825624E-4 -0.0017702146984535999 -5.209097754618109E-4 4.1321400497497255E-4 0.0012529681678496165 7.750114902806257E-4
which -0.054544934082023884 -0.005597906126900467 1.5008936237956384E-4 -0.0060156847994384905 -0.009695435166529631 0.01587572984520359 -0.0014331534999270587 -0.0022006779606666017 -0.0025728372229492794 -0.0016843253417389552 -0.002301035757001015 4.6165312601918203E-5 -9.29228743154015E-4 -2.2499484879129306E-4 0.002144347779950673 0.0024054991567000247 8.740235400843038E-4 0.0010648443875825044 6.462996561899289E-4 -6.194676344884083E-4
or -0.06113398975725111 -0.0015890757790660074 6.633854896822048E-4 -0.002657770861304362 -0.0061202755129300705 0.009209911066969122 -8.031707714908926E-4 -3.9289696167897127E-4 -0.0015387400556142454 -0.0010038699790366798 -7.544001785356362E-4 1.45097177646409E-4 -3.6779107239874885E-4 2.557960336312202E-4 9.823912973868875E-4 0.001541680564768769 5.363332667468051E-4 5.243087280249448E-4 1.1425068784144813E-4 -3.6691815029998046E-4
Mercosur -0.11455968458578568 -0.007156323663537467 -0.010395978697464356 0.007412539458999779 0.004538370144138749 5.473192289936293E-4 0.0017765701840153812 4.320730217288224E-4 0.0065668501508535345 -0.0012227435533457393 0.0033338529229051464 -0.00861838236500936 8.923729068219802E-4 -0.00438781372521158 0.005702804730510025 -3.798008494648157E-4 -4.2911859147082076E-4 -0.001786180066103431 -6.603794491236961E-4 5.235086189841839E-4
year -0.0837967028277506 4.0252539441718434E-4 -0.003015695373042992 0.004631899640526793 0.0015281913481763202 -7.615010392568849E-4 7.616200026051837E-4 0.0026771592977199487 0.0025338212782975685 -1.3722460071333937E-4 0.0037665978241190083 -0.003186593692241519 5.381405201255861E-4 0.0012273361055664545 -0.003085493238382864 0.003246745928766996 -0.0023877941270988422 0.004214378134060071 0.002375466620607535 2.463987638846899E-4
We -0.06527013294007869 -0.008184919248445064 -0.021517440680590003 -0.013082496969000146 -0.016098598414141282 -0.01764079074067648 7.369954040893812E-4 -0.00159087477242612 -0.001778367669926637 -3.9999713168524845E-4 -3.846832369848696E-4 2.5979294041574144E-4 -4.519157602010936E-5 -2.5438048633035166E-4 -2.566179960560947E-4 -5.150083958213132E-4 -4.723172310201484E-4 -2.1746776100722165E-4 4.406962985960489E-5 -1.942551135455323E-4
rates -0.07101757327009196 0.004424169742685688 0.0014333296806361702 0.002379100045896833 -7.575360325307326E-4 -7.888171003825726E-4 1.4180332116335337E-4 0.0023187745368024796 1.2405695388305846E-5 1.681306501673527E-5 0.0015655531891624309 2.9349497521314385E-4 4.7436543373414824E-4 9.769823572649925E-4 -7.605434264587947E-4 2.459526768718845E-4 2.979785674055625E-5 -2.8649476131139244E-4 -6.838227646812719E-4 1.1906075982662893E-5
Argentina -0.06842667109573548 -0.012495363176497094 0.012031600927816124 -0.0070961491779398195 0.003558813491719619 -0.0025558560714667986 -2.0816733697301304E-4 -3.9295922922587674E-4 0.0019686553277460258 0.004491117929299748 -2.1442233020565397E-4 0.001673435003411047 6.259445073747563E-4 0.001038731069288407 -5.816181492172405E-4 0.0014384682697458264 -0.0017529029856224536 -0.002238181948921237 0.0011544187642558437 0.0014127807948402012
one -0.07229977118555266 -0.0011030642857697804 -0.006468972323143374 0.007475770540062211 0.0054581066718048556 -0.0021461177139223873 -0.029365733502107135 -0.004768291726772095 -0.0030339729996818215 7.612645732156909E-4 -0.0015116587172423637 6.330844575384817E-4 -2.8259171035525834E-4 -7.25371033047734E-5 1.7958460689444891E-4 -5.162286938995247E-5 -7.118607076538908E-4 2.9769987190045024E-5 -5.830529118444757E-5 -3.556829580691815E-4
its -0.08223930445372345 -0.014476137572217508 0.00820531120410774 -0.005056311216548897 0.004283425920191772 -9.063833233807402E-4 9.724022103114282E-5 -5.173595093256346E-4 0.003287821293434416 0.004021026605535674 3.364794341981064E-4 9.912882625927936E-5 2.503890389790475E-4 -3.6822334737470446E-4 -5.224504819116389E-4 -0.0011683739449781776 8.953301606306006E-4 1.9306141703232972E-4 8.538336177096677E-4 -9.141003996923085E-4
% -0.07101757327009196 0.004424169742685688 0.0014333296806361702 0.002379100045896833 -7.575360325307326E-4 -7.888171003825726E-4 1.4180332116335337E-4 0.0023187745368024796 1.2405695388305846E-5 1.681306501673527E-5 0.0015655531891624309 2.9349497521314385E-4 4.7436543373414824E-4 9.769823572649925E-4 -7.605434264587947E-4 2.459526768718845E-4 2.979785674055625E-5 -2.8649476131139244E-4 -6.838227646812719E-4 1.1906075982662893E-5
8 -0.07101757327009196 0.004424169742685688 0.0014333296806361702 0.002379100045896833 -7.575360325307326E-4 -7.888171003825726E-4 1.4180332116335337E-4 0.0023187745368024796 1.2405695388305846E-5 1.681306501673527E-5 0.0015655531891624309 2.9349497521314385E-4 4.7436543373414824E-4 9.769823572649925E-4 -7.605434264587947E-4 2.459526768718845E-4 2.979785674055625E-5 -2.8649476131139244E-4 -6.838227646812719E-4 1.1906075982662893E-5
markets -0.08391789206737868 8.762462246167783E-4 -0.0022874252555575287 0.003826190196506383 6.744048984908566E-4 -4.3036866112638664E-4 4.500264707242686E-4 0.001705608261389008 0.0014494940566076183 -3.6428210478065166E-4 0.0017970419948462157 -0.00143702531599235 5.655556501968087E-4 1.0036218800992241E-4 -1.2531744723778262E-4 2.7681620649318295E-4 0.0015531850884282325 -1.357089032353717E-4 2.5033826866823656E-6 9.860983426350997E-4
