<OOV> 1.4765173293894203E-6 6.810209476662281E-7 -1.67874808395488E-6 6.677356685796033E-7 1.414361707421509E-6 -1.314349302099183E-6 -9.021422621034057E-7 1.7463636634299774E-6 -3.971099331970036E-6 2.1863851532750928E-6 -5.031387821267853E-7 1.1057432385952793E-7 -1.6652412834321235E-6 -2.462706843805137E-6 -2.498195391226841E-7 5.533610044431077E-6 6.883890422560472E-6 -3.2620063624048253E-6 1.548682241452231E-6 -3.151784464882415E-6
, 2.1136641655281628E-5 8.958833757221236E-6 3.5292428134469195E-5 1.2295956066763313E-5 3.3300136568027796E-6 -8.134801686069431E-6 5.612799434759971E-5 -6.0969227408018216E-5 -3.140890533113321E-5 -1.0924806189112239E-4 1.4011482907069948E-4 -5.848393760133241E-5 -2.363217897345752E-5 -4.338891203980062E-5 8.125022433914177E-5 7.186775264397121E-6 1.2986977188585731E-5 8.345238190003543E-5 2.6800327013873748E-5 5.0731284211574074E-5
the -1.5624967916814544E-5 3.26303945148878E-6 -2.432868022817898E-5 -7.861072607620257E-6 5.500016917056925E-6 8.447674436476736E-6 3.401334892997949E-5 -2.3058688549144837E-5 -9.900136552219737E-6 -3.4002792519352265E-5 3.0079560132619433E-5 -2.122089220767049E-6 7.775950567652537E-7 -7.1293038580900505E-6 3.5108332735763308E-6 7.581990013681775E-6 1.3344449939222737E-5 2.2956507723249018E-5 -1.4201839875486304E-5 3.383215818133816E-5
in 2.29285342919018E-5 8.814671823178239E-6 -2.6714490559995686E-5 1.6304177969316652E-6 4.5215676903217585E-6 1.3880935613341636E-5 4.443240048079988E-5 1.799397184475019E-5 -5.145672314501592E-5 -1.018916988117532E-5 -6.244709297911796E-5 -1.0376446476088782E-5 4.5765970804395745E-6 2.102588677215538E-5 1.5376264724023241E-6 6.260611108849088E-5 5.9222203815580166E-5 -8.939194507100046E-7 5.1456051600691917E-5 1.0555182961880072E-5
of -1.0157116844204515E-5 -5.2816262218357646E-6 1.2007414062571347E-5 1.234480711981635E-5 1.4967796519696313E-5 2.0797150484512432E-5 2.058781142182214E-5 2.863750424462347E-5 -1.3406991949677453E-5 -1.6679859993340299E-6 -3.834637204141734E-5 1.1583761350233593E-5 -2.8469703601046693E-5 -3.1275226584923677E-5 -2.9998990770079253E-5 9.838350047856713E-6 -1.7630158577659344E-5 1.6912507821194303E-4 6.466166866571507E-5 6.706631204524011E-5
and -1.1006396188592203E-5 -1.7887769053083458E-4 -1.7246603048179783E-5 -3.34320945125622E-6 -1.3866701820889597E-5 2.5362328484810674E-6 2.403761713215715E-5 1.7408252062304257E-5 -6.0961581730026795E-5 -7.761374681345566E-6 -9.50557664686704E-5 2.0383558398448477E-5 -2.025835078169264E-5 1.0125794164024047E-5 1.0932081409990296E-4 4.191041602363664E-5 8.028849117209483E-5 -1.3101147154713208E-5 -8.256815417424865E-6 -8.83833231134845E-5
" 3.333936951516986E-6 2.123155826238206E-5 -1.0315062176941323E-6 -2.5687520884957363E-6 -2.890753899531891E-6 8.319381882293257E-6 1.790995972706007E-5 1.5924405510909494E-5 -2.1435794887939024E-5 5.100684804459483E-6 -1.0468021116468082E-5 -2.5984231808677164E-6 2.1602390067387748E-7 -4.582912384999329E-6 -3.283321331454269E-5 1.841610227363834E-6 3.6180088615046036E-5 -5.4966820440247555E-5 3.2706128709193035E-6 1.7879469151101694E-6
a 3.8031435419714765E-5 -1.9071385678585125E-5 1.378434955435601E-5 -3.4592411158448883E-6 -1.3827109507522624E-5 5.031513997808503E-6 2.5800815134293462E-5 6.31688993401625E-5 -5.8255029615888914E-5 2.9028123647377748E-5 2.5980088121222198E-5 2.9598757952792025E-5 3.836713139827164E-5 4.270008809760023E-5 -3.8097586356448626E-6 2.234212711185195E-5 8.177846107251501E-5 -6.00811988814057E-5 2.7902909613866262E-5 -3.973459257802106E-5
to 3.7579058124035536E-6 2.3931525209043294E-5 -1.162680418788331E-6 -2.895414203795632E-6 -3.258364222015958E-6 9.37733795981027E-6 2.0187526859980016E-5 1.794947441981301E-5 -2.416173412224955E-5 5.749326802716243E-6 -1.1799214553238826E-5 -2.9288584986661635E-6 2.434951481592071E-7 -5.165710491759449E-6 -3.7008535238932476E-5 2.0758034354664076E-6 4.078102473950661E-5 -6.195682072744549E-5 3.686528958550961E-6 2.0153158869737044E-6
's 5.079044574576688E-6 3.234495204034761E-5 -1.5714352535186075E-6 -3.913333259817574E-6 -4.403882893818537E-6 1.2674058336306085E-5 2.728470427169039E-5 2.42598365205286E-5 -3.2656093774603175E-5 7.770574506791297E-6 -1.5947375919617343E-5 -3.958535314607229E-6 3.2909891117970606E-7 -6.981780586515443E-6 -5.001934840887671E-5 2.805578080750456E-6 5.511810374948215E-5 -8.373851551443893E-5 4.9825742955404E-6 2.723825378490223E-6
will 3.668589531108559E-5 1.834723027504034E-5 4.0443802621714736E-5 4.612277028958377E-6 -9.801942591441313E-6 2.5224836889776355E-5 7.429917719221789E-5 -5.208520040027701E-5 -4.556784273578812E-6 -7.919448584546689E-5 1.7556338539008074E-4 -3.80608383876582E-5 -2.5480356687784565E-6 -3.654698346193567E-5 2.6781722044445487E-5 -7.788618726555749E-5 -2.9091532661194513E-5 -5.221835532702001E-5 -7.439806361519403E-6 4.079558787668715E-5
Chrysler -7.784161530431319E-5 -6.11264142183165E-5 1.844800018124986E-4 -1.4612001714112423E-4 -1.9284951428627774E-4 9.804482989720216E-5 -1.4639892646392218E-4 -1.6259710096337959E-4 1.4273257674302694E-4 1.1727564899200578E-4 -2.118169650798425E-4 1.6581356969406385E-4 -1.227591532450499E-5 -1.5736166501480924E-5 -1.8197623140953474E-4 1.6371382767080847E-4 -1.5004490921686987E-4 1.3066321535883986E-4 -2.527698095968484E-4 -2.590965184821688E-5
at 1.462477255540424E-4 -8.575455702136233E-4 -3.1054042537920445E-4 -3.674481831356296E-4 -2.6410200325154644E-4 1.0122664491756228E-4 -9.403336620515908E-4 -8.218018377044786E-4 2.4202400110211962E-4 -4.420561161253198E-6 -1.6964794130584643E-4 6.81375664437008E-5 -1.5093358498554973E-4 -1.89274641389421E-4 1.803785852518996E-4 8.560771211969884E-4 -1.7868600037825144E-4 7.296042265767372E-5 -2.9102735089826353E-4 1.4821657697097053E-5
said -6.414546820994078E-6 4.953468322387815E-4 6.878556647270018E-5 -9.239732356116137E-4 -0.0010546558766554367 3.087324262353446E-4 1.8828131658784084E-4 -8.840013527991832E-5 -6.294520693162203E-5 1.0324342349820254E-4 -1.8468416454288874E-4 1.6858004968988265E-4 8.321580114833843E-5 1.7617455283897108E-4 2.52209492212873E-4 2.2496480722239821E-4 8.27874419700736E-5 -1.0848393452288873E-4 -7.268300560206656E-5 -2.8324568960975765E-4
The 1.910970280572821E-4 -0.0011205262117458016 -4.057728224954937E-4 -4.801322926305557E-4 -3.4509328424868696E-4 1.322694826922811E-4 -0.0012287026517474127 -0.001073821067933852 3.162446947734372E-4 -5.776199917370892E-6 -2.2167330997297272E-4 8.903308681976972E-5 -1.9721988438111725E-4 -2.473188647488435E-4 2.3569468472914605E-4 0.001118607438364062 -2.33483040494246E-4 9.533495227269465E-5 -3.8027573850706525E-4 1.936696605753888E-5
million 1.7729066121707348E-4 -7.643823240115111E-4 -7.268994549742586E-4 -5.805433459724217E-4 -3.7723561007663045E-4 4.654127998605573E-4 1.7338568761785943E-4 8.605261215589864E-4 2.3895404785711057E-4 0.0010108416462362704 -4.6064844525752884E-4 0.001141628397904788 -1.3430278331850532E-4 -1.3401461924247558E-4 0.0017763299011358685 -0.0016912870528793284 -0.001024076209826018 0.001352198455336913 9.224037406537962E-4 -1.8563459924357135E-4
for 9.341114031244954E-5 -2.3963808571724073E-4 -2.2084393902025603E-4 -2.1908590252746657E-4 -1.7471942095704054E-4 1.9194120158056712E-4 2.2221275023681853E-4 1.684810517746872E-4 -2.983593261051751E-5 -1.8237400150931965E-4 -1.565618072152431E-5 -5.114880529431721E-4 3.83458795204223E-4 4.78976675051099E-4 -0.0013438889272126922 -0.002005513044646574 0.0017474330215202104 -2.855675417814312E-4 -6.712707594464483E-4 -2.248487995309342E-4
$ 1.1889840033752662E-5 1.4276035478771076E-4 -8.837630449288678E-5 -6.365183103665964E-5 -2.7373533943789218E-5 6.646053372652073E-5 3.378613967823452E-5 -5.9405959251525446E-6 -2.2468508198413594E-5 -1.9636584183863024E-4 -8.046206951307531E-5 -1.295211757062938E-4 1.3507242715556906E-5 2.2981041966752206E-5 -1.8189654353295632E-4 -5.1215493131438025E-5 1.6888718847554886E-4 1.169000278567066E-4 2.4295361834693684E-5 1.595357093655911E-4
said. -3.14047526575553E-4 -5.695587364517026E-4 -1.5877546840895225E-4 4.876846681464186E-5 2.3978095090111474E-5 1.1352629307223389E-4 1.2259225623542028E-5 -6.433687034347856E-5 3.0527522592685246E-4 4.869625290895619E-4 -4.346438265657928E-4 2.240689170279509E-4 2.17784358287545E-4 4.1341109416035104E-4 1.229066424731112E-4 -3.770431539362729E-4 9.655564792448052E-5 -3.571440837935974E-5 -6.17541552246773E-5 -2.9889987945510166E-4
Tuesday -1.6508732338646802E-5 2.189108703697764E-4 -2.3925851069389305E-4 9.736757698162036E-5 5.250711554853414E-5 -1.0318601249505723E-4 -6.302377870480142E-4 1.6743759966146912E-4 -2.4762150887450184E-4 1.7518075522178348E-4 3.481944008090699E-4 2.8898899352399713E-4 -1.572339090380186E-4 -3.35157948742384E-4 -5.296769833768099E-5 3.017472124299226E-4 3.7027512880063963E-4 -2.4788329117172005E-4 3.672299034775232E-5 -1.4743344919380187E-4
was 7.025711637023238E-5 1.5084896985245662E-4 4.698625872466344E-4 1.7776304727235134E-4 4.2385316864083184E-5 -1.4679071571614807E-4 -5.025896191312328E-5 2.3335978574857226E-4 -0.00113873222174317 -8.473228981177895E-4 2.4964149238557203E-4 -1.6711735460772566E-4 2.4516940210767896E-4 2.792735178563279E-4 2.9087763155212845E-4 5.501228185382488E-4 4.256859614061043E-5 -2.8497691569664307E-4 -3.0401001798385996E-4 -1.430710171720717E-4
about 1.190786148296406E-4 2.3320442929996712E-4 1.9173631465727558E-5 8.031492213481148E-5 9.568913366730955E-5 6.599754998248603E-6 -1.1310919347988991E-4 -8.405963215371745E-5 7.159620448417582E-5 -8.944040161287112E-5 -3.1329725421094237E-4 -9.975444053773352E-5 3.321952095267847E-5 1.4863877225864132E-4 -2.298655347076672E-4 -8.41099803152765E-5 2.092564321482938E-4 1.6945670323138695E-4 1.2096870595342232E-4 6.644016826892894E-5
from 4.6091245046505585E-5 8.529609400808133E-5 -2.1106976040251253E-4 1.670407774178191E-5 9.457215807939976E-5 2.483238796394384E-5 9.658736108876863E-5 8.502485036577227E-5 -6.149217058179836E-6 1.3167931883105102E-4 -3.2955771098429085E-5 1.036917119212232E-5 4.7608752322011E-5 6.448156881080645E-5 -2.6246198659075435E-6 1.6905065500558012E-4 2.014099497638759E-4 -8.80151410677047E-5 5.5947791406717474E-5 6.597593316192754E-5
is -1.4771392150114896E-4 2.1872222319500726E-4 -0.0011091501687880301 -2.0583153354827212E-4 1.065233325704916E-4 2.0946502793692365E-4 5.769493040456295E-6 1.870956394809537E-4 -5.299111403145538E-5 -3.9370669471634225E-4 -3.2929147240497414E-4 -9.153013016108628E-5 -9.608151748367831E-5 -1.1978904738222267E-4 -2.962141576866802E-4 -1.2298936651126939E-5 -0.0010584130278065388 -6.426942487918646E-5 -3.8395069465425847E-4 6.847437945133068E-5
be 1.7666266778435145E-4 3.5303558720094707E-4 -2.641992316624368E-4 1.1246274968195812E-4 1.3005762528779086E-4 3.6021735996984766E-5 -2.6098606838066327E-4 -7.84798314337884E-5 7.864137160103017E-5 6.333780589666049E-5 -2.548053566050317E-4 -5.989471050911309E-5 1.5882860027154822E-4 3.2636647001977324E-4 -2.590889641331232E-4 4.321158394893436E-5 3.6007250842109897E-4 1.021005008483676E-4 2.4848907524412713E-4 7.06151933232404E-5
on -1.530807794753557E-4 -1.857305171542931E-4 -8.150035457674998E-5 1.4313992522670558E-4 1.8896963849049833E-4 9.874253732144268E-5 1.266499025231997E-6 3.032235478151257E-4 1.328671089682015E-4 -2.3335576998028467E-4 -9.673043132468894E-5 -3.479831658935019E-4 -6.762199360527752E-5 -3.8498027025444263E-5 1.7342805071234504E-4 -2.385425198765095E-4 -3.94070136854455E-4 8.014085717815342E-4 1.0034257513737654E-4 3.051844954141988E-4
plant -3.288040619775529E-4 6.687974237019844E-4 -1.8228184545435427E-4 9.407567530366662E-5 1.3764118397689541E-5 -1.365952480415989E-4 -0.0011925049570638763 3.8410243031474953E-4 -2.2425312211232714E-5 2.3769667363594574E-4 8.405712033776166E-4 2.227857601083574E-4 -2.0322410066571375E-4 -4.970045154674648E-4 -5.456012294769704E-4 -5.353784494213007E-4 7.869308578705269E-4 1.437423408240778E-4 -9.48084389587613E-5 -2.1028192937979157E-5
Mexico -1.3780700788015098E-4 -5.7195446299283266E-5 8.119891201686636E-5 -1.7769510641940017E-5 -3.8578429366959334E-5 -1.919157711344693E-5 -2.3302966075760856E-4 -5.013843204876306E-4 2.779201905608336E-4 -4.920143028258919E-4 6.233105680834008E-4 -7.269640656293408E-4 1.2533501790588098E-4 7.363766404245125E-5 -6.088135629712006E-4 -7.780784634885188E-5 -5.828797667180449E-4 -2.70962234050273E-4 4.47625309826437E-4 -3.022082520213662E-4
. 1.3981025925716523E-5 8.903556690676325E-5 -4.325671235491967E-6 -1.0772186177562228E-5 -1.2122516352876868E-5 3.4887730474132686E-5 7.510628272637523E-5 6.677976504575178E-5 -8.98920430784657E-5 2.138996853482963E-5 -4.389815306905078E-5 -1.0896613339134425E-5 9.059066802513659E-7 -1.921866484030729E-5 -1.3768766873840647E-4 7.722881598624349E-6 1.5172295225664997E-4 -2.305060212010346E-4 1.3715473329660468E-5 7.497841902078214E-6
Corp. -2.1523460376117247E-5 -1.6003265677242434E-4 2.66660941210287E-4 1.5999672375628082E-5 -5.457826918761657E-5 -2.8096489204874584E-5 1.193479762405101E-4 2.9946550944436235E-4 2.3630014306495433E-4 5.171270981079713E-4 3.794076006239092E-4 2.608317678404176E-5 -2.237382800288176E-4 -4.1501518804427614E-4 8.028958619242637E-6 -2.3949116251556244E-4 1.0395988103104047E-4 3.105659524587067E-4 1.8438911296492653E-4 -1.6699616805366981E-4
that 1.4288301220787186E-5 9.099239255306574E-5 -4.420740932975321E-6 -1.100893752212402E-5 -1.2388945283709285E-5 3.565449378125645E-5 7.675697025882297E-5 6.824745218961442E-5 -9.186769237689347E-5 2.186007773339737E-5 -4.4862947641996875E-5 -1.1136099346587956E-5 9.258167171800124E-7 -1.9641053078555742E-5 -1.4071377134804167E-4 7.892615260132465E-6 1.5505752263591708E-4 -2.355720876010574E-4 1.4016912303938665E-5 7.662629636189858E-6
Jeep 2.1630573340766036E-4 -0.0034272137147423084 0.0011722507855691708 -6.754491870005138E-4 -7.948724255667408E-4 3.543473161054531E-4 -3.6400336795026987E-4 8.311011620598937E-4 -1.4537803890760908E-4 -7.33807605146759E-4 -2.8807522486922773E-5 2.386533709667335E-4 5.34089732957885E-4 7.515261872810189E-4 8.911102334060402E-5 -0.0036796015454215038 0.0019242290050436258 0.0022495590869498865 0.002244113526560689 4.7533072129983767E-4
it -2.3505470890846213E-4 6.318320568099303E-4 4.0696112270670624E-4 -4.609878170126703E-4 -6.031502821201775E-4 1.342805967732005E-4 -2.481772874251479E-4 2.2408618939842668E-4 1.5267231961989613E-4 8.631876718441056E-5 6.119439961323336E-5 3.156968748276828E-4 -1.953760869289776E-4 -3.5162133477418026E-4 -1.0084713226768845E-4 2.915312154674405E-4 -2.976952808232889E-4 5.450562668729025E-4 -4.780651367776065E-4 -4.52587326470581E-5
market 9.997168276325392E-5 1.9587271876095213E-4 8.246707697089104E-5 1.7212347965306753E-4 2.054714899237563E-4 6.356324229013435E-5 -1.3852197358182948E-4 -5.603483155070845E-5 1.2980618564639262E-4 -1.486403751669028E-4 -5.39814072024098E-4 -7.11636623705211E-5 -8.096111469059295E-5 8.147582725900152E-5 -2.952057149432179E-4 -7.716615619663599E-5 4.5243166410083156E-5 0.0012026446677417422 4.294749053375371E-4 3.7369535032396825E-4
Brazil 9.155730896408911E-4 2.3712401591190438E-4 -0.0012383826064150333 -1.7130798869946281E-4 2.2731837510316252E-5 8.327801778001289E-5 0.0028582636910808304 -5.593724355932312E-4 0.0021951596836125545 -6.767776158981058E-7 0.00207661471444675 -0.0018401230219962106 -7.67856769789963E-4 -0.0012295360343268574 0.0010925637693147354 5.090006939939835E-4 4.745445992518316E-4 -2.358376173147936E-4 -1.5563377759541635E-4 -3.719668738973471E-5
with -3.1598785435289496E-4 4.466937004718905E-6 2.0938772934636662E-4 -4.952092363397855E-4 -0.0012309734363387538 -0.005144415917544445 -1.8273239575138992E-4 4.247803640675572E-4 5.596186304128943E-4 8.867059992930882E-4 -1.9710249983290765E-4 4.028394663733164E-4 4.087117375207664E-4 4.774319122754893E-4 -3.9666160748872716E-4 -7.012646478539771E-4 -6.151981221342185E-4 -7.181496838854534E-4 -3.0075079619309314E-4 2.354443824502691E-4
by 6.739716043927882E-4 -7.786801130561134E-4 -7.522870540057492E-4 -1.5940582000881586E-4 7.006371276638402E-5 1.6680226473541926E-4 0.0012813771653655199 -4.745573142557931E-4 -7.015271886995073E-4 -0.0017205104691325943 0.002044251696062533 -6.819810115852513E-4 -4.25732706269395E-4 -8.036868333756058E-4 0.0010511827287500697 -2.1879671541121039E-4 -1.0563967697203202E-4 9.738966375765657E-4 3.32722120037003E-5 7.213916623931694E-4
he -1.1862396808615157E-4 -3.052626278645775E-4 3.180419592979869E-4 -6.015014977456083E-5 -1.4676014109794928E-4 -2.0833085264114365E-7 7.65274130233474E-4 1.7557928603370554E-5 -6.700157235865311E-4 -6.806090122031958E-4 -7.934488432604516E-4 -1.7749634727177126E-4 -2.2763387115039328E-4 -5.213585230055177E-5 2.65426686992667E-4 5.826799166985456E-4 1.372039602468561E-4 -2.9341624888823523E-4 3.547292731048576E-4 -5.924979352029819E-4
has 3.1154004486098694E-5 -9.105245094473131E-4 -2.055425227243414E-4 -1.0122489462319726E-4 -6.294462686110366E-5 1.507247105610061E-5 2.045889609379142E-4 -3.235360880062341E-6 -1.5782970781559846E-4 5.792478198270382E-5 -4.463109437545603E-4 2.4143777557259413E-5 -9.642902338234455E-6 1.7551368355548245E-4 6.218621541092629E-4 4.561605916797813E-4 4.841170344826536E-4 -3.8825347972138764E-4 -1.5795299335921744E-4 -5.659376607444642E-4
which -1.4675765995529455E-5 -3.2690957560321556E-5 2.697681380798439E-4 1.8462360002549093E-5 -3.622634005853077E-5 -1.0099852467700398E-4 -3.4021075602302237E-4 3.1672432113405493E-5 5.9725219775505474E-5 2.0082181958443665E-4 5.038475249903106E-4 4.718928602712427E-4 -2.0971842527849944E-4 -4.892787011039709E-4 2.4413987574115105E-4 2.1968220170270365E-4 -2.9229137920700393E-4 1.9815482138737053E-4 -4.5722416879365803E-4 -4.741252791657876E-4
or 5.8517794482833555E-5 5.557931652757193E-5 -1.2609256371927957E-4 -1.0648586718777678E-4 -1.2856832171586583E-4 -2.322301602991286E-4 -0.0010095403658277448 -2.5301748559420804E-4 4.06937706897793E-4 5.156277616513679E-4 4.3281218518047786E-4 1.9881994186316446E-4 -4.754402165271382E-4 -8.959070632433749E-4 -2.6894631360927087E-4 -2.0343038250907817E-4 7.562521727595935E-4 -2.3194772255766068E-4 -9.626703584989533E-4 2.3804981355587516E-5
Mercosur 2.4179941626545253E-4 8.479410227744124E-5 -4.86162200543199E-4 -8.369610743885988E-5 3.481085057675155E-5 1.2313581828635954E-5 -2.1159212003131898E-4 -8.379737638191644E-5 -6.04829052140691E-5 1.967219895684801E-4 7.156698599531882E-5 -1.5802142662973577E-4 1.4371625597992503E-4 1.6946083274780468E-4 -1.5464399354549616E-4 4.5250930513577415E-4 5.759753984262954E-4 -5.374369914552176E-4 2.1502426056079483E-4 -1.2888027389429654E-4
year -3.876560005131262E-4 -2.0663696530484474E-4 -4.534120873610135E-4 3.8713657342889346E-7 1.0417249834700218E-4 3.556872097912282E-5 1.614472433199129E-4 4.252076196164761E-4 4.731381936017457E-4 5.027824937516482E-4 9.782013855260082E-5 -9.47834201196846E-5 -1.4505659208006996E-4 -3.272438837398673E-4 -4.506481512425308E-4 -0.0011203093564029932 -1.033219725209435E-4 4.477850422823527E-4 -2.6306462765065457E-4 -3.0033711241847196E-4
We -1.0711005147461478E-4 -2.264633807109375E-4 5.527015076978E-4 1.274203568024159E-4 -8.005733698391E-5 -2.5495454417282984E-4 -5.896817966344886E-4 -1.466782700776469E-4 -0.0024298703033653253 -0.0016481712194272734 -3.933224211832889E-4 2.163139704085359E-4 1.609144589281238E-4 3.0070498330097E-4 -3.4583021094473817E-4 3.639944912378129E-4 -6.507679513631238E-5 -8.488901620626523E-4 3.591963105483982E-4 -0.0010705821890808153
rates -2.64139717418348E-5 3.5025739259164217E-4 -3.828136171102288E-4 1.5578812317059256E-4 8.401138487765452E-5 -1.650976199920919E-4 -0.0010083804592768224 2.679001594583503E-4 -3.961944141992027E-4 2.802892083548535E-4 5.571110412945111E-4 4.6238238963839556E-4 -2.5157425446082943E-4 -5.362527179878141E-4 -8.474831734028828E-5 4.827955398878743E-4 5.924402060810226E-4 -3.966132658747509E-4 5.8756784556403105E-5 -2.358935187100874E-4
Argentina 1.138947007308313E-5 1.2701017003206175E-4 1.8395775512748151E-4 3.50097405713578E-5 -2.2894043219203313E-5 -1.3893012021082762E-4 -3.5680102828093203E-4 -5.459536590589944E-4 2.3232083374784434E-4 -4.838966631068134E-4 6.481104892881797E-4 -9.8132792529829E-4 1.3332566140044011E-4 6.837777490527034E-5 -9.518994714618618E-4 5.675986566975158E-5 -7.365569938450204E-4 -6.324850021331521E-4 6.02576463706557E-4 -6.237424976568576E-4
one -4.978384731049066E-4 2.37508280847548E-4 7.44923223489993E-4 2.2352443882417427E-4 -3.485731047278602E-5 -2.849959154628586E-4 -0.0012345458060433229 6.857006206053105E-4 -0.0013294981032610158 -1.2024959226241789E-5 4.806056965901392E-4 0.0011216644567862322 -3.487888207448914E-4 -6.902522424158982E-4 6.219362844447969E-5 -7.268812033619875E-5 -1.1383270380447172E-4 -2.0888161483739447E-4 6.438587348116164E-4 -3.34211250012262E-4
its -2.9779102412831685E-4 -9.464703456333609E-4 -1.3166172793482642E-4 -0.0014872549404365929 0.003720715815640037 -5.739607435946237E-4 4.2225373407972033E-5 -3.592668716014609E-4 -1.098862578823662E-5 -2.577533497492089E-4 -4.0646596155230155E-4 -4.5172360687028944E-4 -3.786586658113222E-6 1.1692840017461556E-4 -3.518601295157834E-4 7.058968801994946E-4 0.0014115191178401202 6.837964363092498E-4 6.028508980368058E-4 2.5784047620947833E-4
% 7.838688626632543E-4 -0.005501464030015452 -8.793237760932952E-4 -0.0031554450522120287 -0.002983928606580725 0.0017157912361779036 0.006059351448017693 0.004239228470346415 -0.001709901934076548 0.0032245679644514265 9.550792353243751E-5 0.006853804627355204 -0.0016756443524605887 -0.004712624612492508 -0.01847339833409983 0.008860769126670385 -0.007436604094304193 -8.052343766371643E-4 -9.759540711604658E-4 0.002400227480037406
8 -0.001013912056081842 -0.001277059064496687 0.0013979115623133978 -3.4761524474496226E-4 -0.001418939113768665 -1.6799092510833585E-4 0.001996313007086966 -0.002651465764881721 -0.001920077718164979 -0.005133981824378592 -0.013959827606457705 -0.0038867461336434704 -0.01136741914880271 -0.012056325188915076 7.966695611854204E-4 -0.0036072900942580787 0.003112001145534921 -0.00994084338713762 0.00730768979087426 5.057226575014164E-4
markets 1.4236837591353853E-5 1.5876271254007724E-4 2.2994719390935194E-4 4.3762175714197226E-5 -2.8617554024004134E-5 -1.7366265026353436E-4 -4.460012853511656E-4 -6.824420738237422E-4 2.904010421848051E-4 -6.048708288835175E-4 8.101381116102251E-4 -0.0012266599066228625 1.666570767505502E-4 8.54722186315877E-5 -0.001189874339327328 7.094983208718968E-5 -9.20696242306276E-4 -7.906062526664404E-4 7.532205796331957E-4 -7.796781220710719E-4
Cherokees -3.264391490377785E-5 -2.427161961048438E-4 4.0443576083560207E-4 2.426616976970269E-5 -8.277704160121849E-5 -4.261300862739323E-5 1.810110972981071E-4 4.5418935599061646E-4 3.583885503151806E-4 7.84309432130423E-4 5.754348609462626E-4 3.955948478913022E-5 -3.393363913770402E-4 -6.294397018671524E-4 1.2177253905851014E-5 -3.632282631486032E-4 1.576724862304115E-4 4.710250278957058E-4 2.7965682133013843E-4 -2.5327752154806574E-4
Eaton -1.4827996010768947E-4 -3.8157828483072187E-4 3.9755244912248363E-4 -7.518768721820079E-5 -1.834501763724365E-4 -2.6041356580138396E-7 9.565926627918426E-4 2.194741075421274E-5 -8.37519654483164E-4 -8.507612652539952E-4 -9.918110540755643E-4 -2.2187043408971403E-4 -2.8454233893799165E-4 -6.516981537568976E-5 3.3178335874083407E-4 7.283498958731824E-4 1.715049503085712E-4 -3.667703111102939E-4 4.4341159138107166E-4 -7.406224190037274E-4
major 3.9909734458863974E-4 0.0016262105557852114 -0.003511402628252738 -7.947014862167662E-4 -9.105434202525314E-5 3.0257901943827237E-4 -4.12512195778739E-5 4.0171882739872263E-4 3.800266508461632E-5 3.580654782680933E-4 2.614809303878022E-4 -6.533377607086314E-4 8.416301013540486E-4 0.0010761480148201036 -9.699822426708203E-4 0.001056245715581242 0.002098751045143785 -6.881391629650432E-4 1.167381942703132E-4 -6.45215402977084E-5
investments -5.842742272828214E-5 -2.0558164176748896E-4 -1.3648976764928623E-4 9.31588985714694E-5 2.498125257989731E-5 -6.122272821467609E-5 -0.0014713010666081462 0.002665129495724992 3.8861377516549824E-7 -3.6460959859548037E-4 -4.0097125183208185E-4 -0.001873024758940222 -1.8084387665404846E-4 -1.7123421149760546E-4 4.4999992084978057E-4 0.001266709302678624 -2.6026440630251893E-4 -6.895099897999929E-5 -4.7878413905696473E-4 -2.2696379168739542E-5
into 2.1670590184860416E-5 1.3800512870548308E-4 -6.704790415012555E-6 -1.669688857522146E-5 -1.8789900346959147E-5 5.4075982234905505E-5 1.1641473822588153E-4 1.0350863582091543E-4 -1.393326667716217E-4 3.315445122898598E-5 -6.804213725702868E-5 -1.6889750675658404E-5 1.4041553543897585E-6 -2.9788930502476232E-5 -2.1341588654453012E-4 1.1970466477867871E-5 2.3517057599780743E-4 -3.5728433286160376E-4 2.1258983660973437E-5 1.1621654948221113E-5
interest -2.2876310910935587E-4 1.613623721444197E-4 -4.3335532543178277E-4 2.3497355618388814E-5 1.5085466942462838E-4 -1.5501812406812474E-4 -8.012667456764538E-5 3.83122392080717E-4 -8.198725654623932E-4 -5.909297199259368E-4 -7.183291090090653E-4 -1.424712847649133E-4 3.5006191546924396E-5 1.309703003862185E-4 -4.5197639004202313E-4 6.275040562743704E-4 4.0925894133506346E-4 4.0561056444259264E-4 -5.072307342219762E-4 -7.515557867730424E-5
percent 2.1670590184860416E-5 1.3800512870548308E-4 -6.704790415012555E-6 -1.669688857522146E-5 -1.8789900346959147E-5 5.4075982234905505E-5 1.1641473822588153E-4 1.0350863582091543E-4 -1.393326667716217E-4 3.315445122898598E-5 -6.804213725702868E-5 -1.6889750675658404E-5 1.4041553543897585E-6 -2.9788930502476232E-5 -2.1341588654453012E-4 1.1970466477867871E-5 2.3517057599780743E-4 -3.5728433286160376E-4 2.1258983660973437E-5 1.1621654948221113E-5
automaker -8.458762159871196E-5 0.002090306737604128 2.7779037764807387E-4 -0.0024061655450055954 -0.0026389731437471676 5.890418863599693E-4 3.146122746558908E-6 6.176485968420977E-4 -1.9122531572160305E-4 -3.883204148561743E-4 3.09594222555983E-5 -2.7262350157068136E-4 -7.483234001740524E-5 -1.892792593522726E-4 -3.6543756324239167E-4 1.2474851758779033E-4 6.966623141186502E-4 4.120956469124774E-4 -6.56692897868445E-4 -2.80448190756788E-4
now -4.6888986395005207E-4 -6.295327055340293E-4 -6.585654631710879E-4 2.6546559634668074E-4 4.239857783789585E-4 5.918652779268449E-5 -1.8832393547453586E-5 -1.218493854295133E-4 4.0657352045787767E-4 3.1235138741246153E-4 -6.355892020272752E-4 -4.5918174811430275E-5 2.0425853723520093E-4 4.244674678272008E-4 -3.82517038369033E-6 -9.919228932881998E-4 -8.718384658632917E-5 -2.6736035834381183E-4 -7.559554688596734E-5 -4.3178011341202927E-4
South 6.47476713559923E-4 4.280325913360947E-4 -0.0028887771735447857 -2.833649017454981E-4 2.891887395956328E-4 4.494753210610317E-4 5.992416576736662E-4 -3.071562424774974E-5 7.193007117097085E-4 7.738294359018614E-4 0.0015934833972130896 -6.998373010300438E-4 8.512002649080422E-4 9.785609184063786E-4 5.364638759181289E-4 0.0017330525189809911 0.0022806701261665935 -6.646415228262084E-4 9.682113449797628E-4 5.08601200327388E-4
America -1.1260509110256906E-4 8.569332193358182E-5 5.909940839589506E-4 1.8898522258048567E-4 3.468396303350994E-5 -1.3060438658816863E-4 -7.301861156636077E-4 3.4825901918547966E-4 6.665795911745791E-4 -0.0010071768986336077 8.697359151992615E-4 -0.0023093084678861633 2.099201024674493E-4 1.1330908577666094E-4 -0.0010950512348329756 1.1302482281063748E-4 -0.0017741061974878374 -4.5216309842578835E-4 3.867335114379252E-4 -2.993383283530169E-4
as -4.075119924631372E-4 9.721509660793E-4 -6.653180239686362E-4 4.7398776464398993E-4 3.7652769356596967E-4 -4.161849740792353E-4 -0.0024946245254062324 8.561733624375615E-4 -3.9201469627944756E-4 9.222900319968394E-4 0.0018863275755387392 0.0011959442930268283 -7.633501866702718E-4 -0.0016102945792941948 -3.4357605226003485E-4 2.880478283369452E-4 8.506610829882303E-4 -2.4902217618955367E-4 1.8375796401121308E-4 -3.121548915239197E-4
company -2.3880179580878917E-4 -6.696763707817633E-4 9.055127327472798E-4 2.4099537687535927E-4 1.4092606200798925E-4 7.484312449952011E-6 1.541926701998075E-4 0.00358991874691228 -5.720269448587817E-4 -0.0017040224384044969 -0.00211513004156407 -0.0033683811605664184 -2.0517995754979154E-4 2.8342409151353075E-4 4.7781339336896165E-4 9.81345472340901E-4 -9.520970891463535E-4 -4.241598585319587E-5 1.802261125140927E-4 -1.7176844672193786E-4
total -3.61032285304179E-5 -6.79733725787659E-4 1.2202442547089697E-4 -1.6092941345841963E-4 -1.384243591974973E-4 2.9770097802854533E-4 -8.135304030146334E-4 0.0033643354619668467 3.644830098308187E-4 -7.090812241796668E-4 -0.0013174875685419535 -0.003054075676620765 1.535381389027862E-4 5.196248334261975E-4 3.6605698198958385E-4 7.1674061965941E-4 -6.169154013689837E-4 1.2782631499582792E-4 -4.409316629829983E-4 5.339488413386531E-4
; -1.1545053269005053E-4 6.218836600687002E-4 0.0026480044065955014 1.7906160390810546E-4 -6.307516221528397E-4 4.3743470450115067E-4 -9.605993189570045E-4 2.1010670039036324E-4 0.0013085109027225082 0.0015973845366929363 0.0018252741414606856 4.8297256504277117E-4 7.209897360283713E-4 4.90823643524302E-4 4.4494256089716935E-4 -0.001560208451695235 -0.002355069451178534 -0.004540581420048024 8.281498720535096E-4 0.016694537693257214
new -0.0012293442943161622 3.4275748071140635E-4 -0.0035542749262988628 -9.378408816151113E-4 5.440762795805939E-4 -1.8070679663990334E-4 -0.001711710572289397 -3.8851840697895127E-4 0.0013426011303906934 1.906676265793288E-5 -0.001968195764954528 -0.002008133598584641 -0.0027429037797669456 -0.0034052598538910454 -0.0030434081030906376 -0.006057268603632648 0.003679056113915875 6.67847769135323E-4 7.604097909313862E-5 0.0015104344780582613
engines -3.61032285304179E-5 -6.79733725787659E-4 1.2202442547089697E-4 -1.6092941345841963E-4 -1.384243591974973E-4 2.9770097802854533E-4 -8.135304030146334E-4 0.0033643354619668467 3.644830098308187E-4 -7.090812241796668E-4 -0.0013174875685419535 -0.003054075676620765 1.535381389027862E-4 5.196248334261975E-4 3.6605698198958385E-4 7.1674061965941E-4 -6.169154013689837E-4 1.2782631499582792E-4 -4.409316629829983E-4 5.339488413386531E-4
an -5.183492693215745E-4 1.0958574264755257E-4 -1.7162244044570372E-4 3.805362070560186E-5 1.9952223215528622E-4 -2.260785124590298E-6 5.311859263705574E-5 -4.931323697451558E-4 -1.3117973104112202E-4 -7.158213020697676E-4 -5.979579432534258E-4 -5.237778605040738E-4 -5.5171022762233244E-5 9.668487121098641E-5 -4.7478855119986767E-4 5.279124227560776E-4 0.0012496924243971972 0.001290828245255037 8.249003578074052E-4 3.730235644470282E-4
growth -0.0019317794071439828 0.0036033850593944214 0.001269758489055821 0.001096850750455308 7.03992871689392E-4 -1.761152144310582E-4 -0.00115174623807564 -8.113608544145516E-4 0.0014825232920641835 3.853086016668425E-5 2.888882683588287E-4 -0.0017463832704136216 0.001158343566072746 0.0015901248993525395 -4.480636751526061E-4 -0.0010397325097730476 0.001846494841043401 -9.951051163736923E-5 -2.2466659842609735E-4 0.0012173479168403497
small 2.8894120246480628E-5 1.840068382739774E-4 -8.93972055335018E-6 -2.226251810029528E-5 -2.5053200462612176E-5 7.21013096465406E-5 1.5521965096784208E-4 1.3801151442788712E-4 -1.8577688902882895E-4 4.4205934971981226E-5 -9.072284967603822E-5 -2.2519667567544557E-5 1.872207139186293E-6 -3.971857400330153E-5 -2.845545153927064E-4 1.5960621970490217E-5 3.1356076799707685E-4 -4.763791104821382E-4 2.8345311547964836E-5 1.5495539930961635E-5
Dakota 0.001114426281930539 -0.002414103790305159 -5.087082857182485E-4 -0.0014684417132131025 -0.0013962312657830834 7.467662614573102E-4 3.8563940951357936E-4 0.0019570354312157473 1.4882537013016051E-4 7.365732979422928E-4 -7.517673815816907E-5 -8.155823456485897E-4 6.191945176303907E-4 6.848239505354317E-4 -0.0023651246845425573 -0.003293456570582216 0.0029052478090026927 -5.534021733522191E-4 -8.988470783083582E-4 -7.831384078732792E-4
built -4.256236365726102E-4 0.0010153576756828243 -6.94887713922798E-4 4.950538875170559E-4 3.932622577244571E-4 -4.3468208403831226E-4 -0.002605496726535399 8.942255118792313E-4 -4.094375716696448E-4 9.632807000855881E-4 0.0019701643566737937 0.0012490973727169099 -7.97276861633394E-4 -0.0016818632272628258 -3.5884609902714734E-4 3.008499540408097E-4 8.884682422321524E-4 -2.600898284646452E-4 1.919249846339341E-4 -3.260284422583164E-4
since 2.8894120246480628E-5 1.840068382739774E-4 -8.93972055335018E-6 -2.226251810029528E-5 -2.5053200462612176E-5 7.21013096465406E-5 1.5521965096784208E-4 1.3801151442788712E-4 -1.8577688902882895E-4 4.4205934971981226E-5 -9.072284967603822E-5 -2.2519667567544557E-5 1.872207139186293E-6 -3.971857400330153E-5 -2.845545153927064E-4 1.5960621970490217E-5 3.1356076799707685E-4 -4.763791104821382E-4 2.8345311547964836E-5 1.5495539930961635E-5
Brazilian 4.0433880791939297E-4 -0.002213403897885193 2.158111917798806E-4 -6.723586058472069E-4 -7.103423143808704E-4 3.446716956961042E-4 -0.0017735401175664927 0.0027973367592636373 4.703526942835093E-4 -7.021823628369425E-4 -0.0012924028590238063 -0.0027415495432652572 5.233788043890235E-4 9.694167058439295E-4 5.390747459192035E-4 6.765933917845134E-4 -3.026541503338772E-4 5.44053001980794E-4 -8.720274180834273E-4 4.532008803678948E-4
also -0.0010223124648389514 -4.4491726206290623E-4 -1.4784939133452633E-4 -1.7981787343768446E-4 1.7338195600616737E-5 1.3013376673588506E-4 0.0014292315697294294 -0.0010148593418658897 -5.853318624991372E-4 -0.0017457877212034042 8.653382642805723E-4 -5.178822031628646E-4 -3.9705223667615015E-4 -7.334194687786813E-4 -5.698537286986796E-4 0.0010239104621230775 6.86230600407297E-4 0.003451533009572149 0.002565953471810282 1.2188333211075589E-4
under -3.94263470059739E-4 2.3478331744140418E-4 3.0843595877389895E-4 4.6731271972344285E-4 3.342032532708732E-4 2.481298411679968E-5 -3.0408120750471165E-4 -1.2546890806362272E-4 3.7988880794886877E-4 2.7123559228742157E-4 -0.0012457087333138642 5.5534914421717E-5 1.9705632819100197E-4 5.778570237070817E-4 6.478359650841773E-5 6.452026958565402E-4 -1.9045108109986766E-4 -3.021220533574928E-5 -3.157846246397052E-4 -2.6080948252526045E-4
we -2.284603736466971E-5 6.815429271490159E-5 0.0012222112932918085 6.305679896763928E-4 2.894437957966311E-4 -5.50861904048375E-4 -0.0013860778883651235 2.0894582472906893E-5 -0.0039412187439497445 -0.0025699397284466093 8.229210012732321E-5 3.141439889539859E-4 3.9551403260083313E-4 4.0450293104584784E-4 -8.153484575148478E-4 -2.64739857299833E-4 -7.549342699903998E-4 -0.0015986104517816161 8.798178395975033E-4 -0.001954350984876729
back -0.001245827287372301 -0.0014486416548217394 -8.331062051708522E-4 -5.905223352879254E-4 -2.206767018401456E-5 1.79974489292681E-4 8.338848000885984E-4 -9.356999885242893E-4 -5.770545913926404E-4 -0.0016839822976900368 -2.2241651401867118E-4 -8.275060557090881E-5 -6.992435020766808E-4 -9.441133002087313E-4 -8.584498440734457E-4 0.0018638761224803624 6.486150051262335E-4 0.00498111225629673 0.0035755858753015782 -1.4683801823681277E-4
trucks -2.2542624117560377E-4 0.0028954718757392647 2.23242501332326E-5 -0.0030983302684958014 -0.0034430885507261574 8.650180004765334E-4 -5.824191345740584E-4 0.0011660722231780155 -6.812666317509456E-4 -4.895659861622205E-4 3.211155355253008E-4 -2.1579408159981108E-4 -1.5579129865236834E-4 -3.693043130916765E-4 -5.809780308954692E-4 -4.142443024011382E-4 0.0012227771456713057 4.816041156363498E-4 -5.7529760038256185E-5 -2.2259195784725923E-4
United -5.465350822424509E-5 1.6125738024349955E-4 4.0628180944058263E-4 7.111207216664673E-5 -3.352888385273695E-5 7.435151458150262E-5 3.0185246821338264E-4 -7.875168503651115E-5 -4.759937222889077E-5 -0.0010838758526821777 0.0010125310593300674 -0.0010647407845817047 -1.8052197658882394E-5 -1.6372433951362928E-4 5.171081312183288E-4 -1.2710234981461227E-5 9.05454662125196E-5 2.2616026463301447E-4 4.028626089325503E-5 5.124927623291768E-4
suppliers -4.614212646116794E-4 -7.299009132634472E-5 7.023758815380941E-4 4.855462711129742E-4 3.088969147952598E-4 -3.440503423693152E-4 -0.0010388892463524494 0.0011144804960783292 -9.321352739921111E-4 -6.499667899283511E-4 -3.453368800856969E-4 -3.5218587472395297E-4 -1.6620701148151854E-4 -1.418217725963848E-4 -6.452856607659858E-4 1.1042417878868977E-4 -2.777867396713927E-4 -3.977609610731658E-4 -3.0130666742552115E-6 -1.7544707610849382E-4
recovery 1.2980565731336173E-4 0.0017211020599466795 -0.002927577034854338 -2.105672159487019E-4 3.5781349350526114E-4 -8.425469757844631E-5 0.003766920488910777 8.385681574269982E-4 0.007629933801177485 0.002763433498556571 -2.11213265241077E-4 -0.0038226972568906263 -0.0023114511182797067 -0.002847045072210441 -1.5166044959462652E-4 4.890958055130777E-4 -4.839840769401659E-4 5.100810953137146E-4 -0.0015790882301383994 -6.678927207027226E-4
diesel 3.8010277343764813E-4 0.0014390626286716914 -3.675325973573171E-4 2.6897442295153746E-4 7.903944976926468E-5 1.9617048124898713E-4 0.0014548297199696184 7.473320718553345E-4 -2.03327941808554E-4 0.0010392398947410176 6.689633727624152E-4 -1.1951426167954867E-4 0.0010031339305363366 0.001313091342254862 -4.5915040826222206E-4 6.622760685744502E-4 3.0862664595769954E-4 -0.0021459502829117554 4.655434491977471E-5 -7.492336796545826E-4
stock 3.640693141861501E-7 -0.0015872418455848767 -3.486542552010825E-4 -2.2919043026292253E-4 -2.6670179332154923E-4 1.623057910138861E-4 3.368454288197451E-4 -1.2773338307183797E-4 1.0884814359849483E-4 1.3511709161269898E-4 -6.020166913899337E-4 -1.4853386820707149E-4 9.247294041154565E-5 4.1496638842289526E-4 7.96849406409272E-4 1.5484323717728996E-4 5.610960922387367E-4 -5.204863803273963E-4 -1.4722219529640838E-4 -7.629380639282134E-4
fundamentals -7.086772132902202E-4 -1.2942919553268469E-4 7.146402751859105E-4 4.642656421745885E-4 3.0687338129331337E-4 -3.0533961482646037E-4 -0.0014731876944921057 5.94957418979549E-4 0.0011327203362309203 -9.206485337384328E-4 1.9081062298310003E-4 -0.0029569600049745583 4.359870248820473E-4 5.707691109970597E-4 -0.001598111113856037 1.7112126344681996E-4 -0.0019763480764068606 -5.246491505667734E-4 6.759563246049279E-4 -4.7549667550316323E-4
been 8.021562515236508E-4 0.0014186603034198819 8.031575795363408E-4 0.0013533203453724302 0.0013964919145270328 -4.6249678298938753E-4 -0.001645144878605943 -3.419412828752183E-4 0.0012154629405389942 9.066004388206308E-4 -0.003446934021430847 7.302651371863526E-4 2.0605074329847663E-6 5.412253413285159E-4 -0.001488602389516502 3.769877894787597E-5 -6.606015923559938E-4 0.003904192448218855 0.0022391700949371263 6.841784311600329E-4
have 1.1365855047711005E-4 2.3655855526588345E-4 9.596527619951284E-5 8.664803761194124E-6 -3.901869175180169E-5 5.025801064055631E-5 4.065419480711484E-4 -2.1134909804746565E-4 -2.2010489618084619E-4 -3.8799094545047367E-4 5.590277241428501E-4 -1.7138309919943122E-4 -1.011360769972544E-5 -1.3591924465198194E-4 -1.9058244298822308E-4 -1.4912296009202762E-4 1.9956833179854335E-4 -3.6755612010614026E-4 -1.8748095839272778E-5 2.2617879169471928E-4
up 4.194307777714943E-5 2.6710670072028955E-4 -1.2977013706476019E-5 -3.2316558532686634E-5 -3.636754905863049E-5 1.046631914223977E-4 2.253188481791256E-4 2.003392951372556E-4 -2.696761292353969E-4 6.416990560448906E-5 -1.3169445920715225E-4 -3.268984001740329E-5 2.7177200407542156E-6 -5.765599452092171E-5 -4.130630062152193E-4 2.316864479587329E-5 4.551688567699499E-4 -6.915180636031037E-4 4.1146419988981034E-5 2.249352570623454E-5
after 3.039965628371977E-4 6.06532923346323E-4 -4.0785245963001173E-4 1.384794888508545E-4 2.7125958626629483E-4 1.500841316555266E-4 8.837379841912557E-4 3.706793498345192E-4 -5.787076025581946E-4 1.8011423364753496E-4 -6.20320876212339E-4 3.3083021120216695E-5 6.180827390421517E-5 2.2545364244768977E-4 1.2164032610771668E-4 0.002006002618860043 5.395098529235002E-4 1.4977831683043E-4 4.38566252657344E-4 4.157586834965822E-6
were 3.8710254599547177E-4 -4.922811992029214E-4 0.001390714247077246 8.384876047454656E-4 3.9820962051547403E-4 -5.301942962755619E-4 -2.266568860590478E-4 7.112428085224001E-4 -0.0042200010309545654 -0.002694276042304936 1.7750191169526095E-4 -1.241128866468118E-4 0.0010168463253374593 0.0013173399428151398 0.0012059960294257548 0.0021728058403033728 1.953059108445925E-4 -0.0013262025550266285 -0.001296024987837686 -0.0011705742499964861
first -2.304039852153071E-4 5.5823631375281E-4 2.7064188093164595E-4 -7.205494595087004E-5 -4.233435689306697E-5 -2.2480875029086143E-4 -5.486428552953417E-4 6.921794692215604E-5 1.4303050283198082E-4 -3.8382320619461687E-4 5.300132856516982E-4 5.72148058727766E-4 -6.165327025511361E-4 -0.001162043744138485 -2.3109127080853483E-4 6.042179504476011E-4 3.5816826878803E-5 0.0016601039440287027 -0.0013709941355838768 1.208167114710689E-4
But -1.330582306590803E-4 -6.918930350604625E-5 1.5729712421973764E-4 1.6171697326951352E-4 1.9607813440811179E-4 2.724426713472194E-4 2.697003296258345E-4 3.75151305604575E-4 -1.7563159454076884E-4 -2.1850616591251492E-5 -5.02337473742581E-4 1.5174727368805408E-4 -3.729531171737134E-4 -4.0970546826251254E-4 -3.929867790880444E-4 1.2888238562693187E-4 -2.3095507736731088E-4 0.0022155385245764725 8.470678595208687E-4 8.785686877926294E-4
: 1.220545695017541E-5 2.411956102163829E-4 3.387058076410184E-4 -6.008110963348261E-4 -6.334666956262556E-4 1.7600854646692584E-4 5.45590111365243E-4 0.0014304163548575577 2.727853941148841E-4 -6.572933768450088E-4 1.1855474138609086E-5 -0.0017450461556642273 -4.3426562955166165E-4 -4.3980541420018433E-4 0.001152128666666338 2.3384085893141167E-4 -3.1377243507888457E-4 -3.735648672942068E-4 -1.723018152203415E-4 0.003993712189492173
steady -6.740866534034149E-4 0.0016061013260186899 -0.0031552884097478468 -0.0014176961734677514 -6.841547634749662E-4 3.490291430486753E-4 7.66897390442943E-4 3.8520573444652536E-4 -8.267064087697249E-4 -0.0017656843785020262 -0.0016016496632855841 -0.0011676732077436638 1.7624607924760063E-4 3.562439450372913E-4 -0.002555131044950662 -0.0014535058493574736 0.0016638481245796295 2.1834264546739124E-4 -0.0016256555439406188 1.2404601007923543E-4
secondary 5.614419138467628E-4 -7.301349528045149E-4 -0.0013657835321574632 -4.0203997510691007E-4 1.7397685461376986E-4 2.30030292986763E-4 -0.0021068736064999514 0.004819145885387036 7.904343343548457E-4 -9.045510491352465E-5 -0.0016542366245584322 -0.004470613777737258 2.632926606772461E-4 7.667054519708873E-4 0.0010083617424999569 0.002849974373406031 6.711598852454524E-4 -4.131471464990342E-4 -7.666669810804234E-4 5.886868268228082E-4
315 4.070451478230864E-4 0.002797446286711027 -0.017075504262957657 -0.001689215698080201 0.0022739087282041817 4.7528315530007256E-4 -0.001466940295695237 4.4248547454958865E-4 1.5015522786835368E-4 -1.1148366361768235E-4 -1.507463239898245E-5 3.436060837734541E-4 -1.8376067846911082E-4 -3.736575966457951E-4 8.929958161004653E-4 -0.001732978228106567 -0.0026341500378892274 3.314471746912911E-4 4.4588316265556247E-4 -4.624310137575595E-5
do -5.366538601264858E-4 0.0021366180307206832 0.010148890948409855 -0.042382523213800004 0.03680554762231573 -0.003911769795663724 -2.922659230926039E-4 6.068955492485066E-4 4.411426201631671E-5 4.938105974143733E-4 3.9020082901803195E-4 1.0292016102744112E-4 -3.048874851361814E-5 -1.1231352391061652E-4 -6.155197363845974E-5 -1.4619746383758668E-4 1.701507887405907E-4 -5.024756153739299E-4 6.385773420627744E-5 -8.197722425634114E-5
history 4.2086752231140507E-4 0.01177033060320298 0.002097749475010136 -0.013631780187028982 -0.015932464059386944 0.0033305243324234153 -2.650084291066843E-4 -4.460511971395433E-4 0.0038409252475902107 0.0014445721601894224 0.001430137788188033 1.5926024368866632E-4 -0.0017692007795010558 -0.003243484674857875 -0.0011781773840596746 -0.0026662171351270973 0.0024011561823864356 0.0018316910424765692 -0.004310840123999932 -5.88953734913696E-4
9\/16 -1.0435183608994693E-4 -1.7687497101816414E-4 -2.960149320905235E-4 -2.8452446119367204E-4 -2.2615180075898655E-4 8.775338899289451E-5 -4.897331758071371E-4 5.14468270641104E-4 1.1112802303921294E-4 4.5524646273359967E-4 0.003955558715201213 0.001235892940507628 -0.02345153321750638 0.016335345587407457 -0.0010496626942321451 5.065134683251826E-5 -2.3131547567560552E-4 -8.571958967522358E-5 -8.18969833214786E-4 7.012251064620723E-5
consumer 4.334118036972083E-5 2.7601025741096617E-4 -1.340958083002511E-5 -3.339377715044292E-5 -3.7579800693918293E-5 1.0815196446981101E-4 2.3282947645176307E-4 2.0701727164183087E-4 -2.786653335432434E-4 6.630890245797196E-5 -1.3608427451405737E-4 -3.377950135131681E-5 2.808310708779517E-6 -5.9577861004952464E-5 -4.2683177308906024E-4 2.3940932955735742E-5 4.7034115199561487E-4 -7.145686657232075E-4 4.2517967321946874E-5 2.3243309896442225E-5
who -3.668941498882254E-5 -8.172739390080437E-5 6.744203451996096E-4 4.615590000637259E-5 -9.056585014632684E-5 -2.524963116925106E-4 -8.505268900575562E-4 7.918108028351372E-5 1.4931304943876378E-4 5.020545489610917E-4 0.0012596188124757764 0.0011797321506781062 -5.242960631962481E-4 -0.0012231967527599268 6.10349689352877E-4 5.492055042567596E-4 -7.307284480175099E-4 4.953870534684263E-4 -0.001143060421984145 -0.0011853131979144686
any -4.49363835620579E-4 5.38286397186858E-4 2.1968999202234265E-4 3.7020950020860135E-4 1.7016088306449984E-4 -5.42106328593805E-5 -6.970843936456016E-4 -4.692448203373058E-5 1.5146367110199614E-4 4.3502050583076095E-4 -1.6805427700159316E-4 -1.000797944272642E-4 4.060543513767757E-4 4.380323487671638E-4 -0.0014165706324753774 -5.008993277101801E-4 5.0316457825131664E-5 -0.0013044580778747198 3.3888990433672696E-4 1.3088554474828328E-4
had 2.1627241141610904E-4 -1.7105432290304235E-4 -1.3275643302448572E-4 -1.3751537053063385E-4 -1.3401163354372395E-4 2.9147544402376353E-4 2.1473458972650193E-4 9.285186860499935E-5 3.1776609275072955E-4 -2.775204101666869E-4 -3.6506586053540983E-4 -2.5802426143106157E-4 5.1241834365543405E-5 1.7657011011149482E-4 -4.1462451098490765E-4 -3.525529344663932E-4 -2.0715840602568373E-4 1.9146649362581438E-4 -6.99826203346784E-5 2.3972062720044914E-4
Cetes -0.002171398514013249 -0.001153850858481687 5.186158813326826E-4 0.0014890527473005017 0.0013001790297204386 1.0756393590881205E-4 -0.0013858006901623118 -1.0560955653024157E-4 0.0020851325089069747 0.002277360286503718 -0.002693745810738375 5.070782233216009E-4 0.001061408171437549 0.0018262917046750252 -0.00125578710793192 -0.0030171276362012164 2.532149130264596E-4 -9.309926589475109E-4 -3.219460335311673E-4 -0.0011443909643526148
think 2.6183098494151393E-4 0.009061613834818516 0.00227393394820345 -0.008179832632727988 -0.009441985201950704 0.002548360240324551 -0.0018597547671387574 0.0018169404768641727 -2.7132050787009073E-4 -5.47799417227721E-4 -0.0010577595826119625 -3.1261018133397274E-4 -1.7004242443440944E-4 1.84647043511685E-4 0.0016215342117244136 0.0012567406307615958 -0.0018676286259896573 9.476466702885932E-4 0.001055398478004811 3.038854546170968E-5
pickup 4.334118036972083E-5 2.7601025741096617E-4 -1.340958083002511E-5 -3.339377715044292E-5 -3.7579800693918293E-5 1.0815196446981101E-4 2.3282947645176307E-4 2.0701727164183087E-4 -2.786653335432434E-4 6.630890245797196E-5 -1.3608427451405737E-4 -3.377950135131681E-5 2.808310708779517E-6 -5.9577861004952464E-5 -4.2683177308906024E-4 2.3940932955735742E-5 4.7034115199561487E-4 -7.145686657232075E-4 4.2517967321946874E-5 2.3243309896442225E-5
States -0.0024036001387286385 -0.0013438143008055266 0.0018334688125799207 0.0018094603659549705 0.001304832486454256 3.9117636008663844E-5 -0.003050978934263146 -0.0015188456866457583 0.0032165567027816035 0.0013310382427691983 -8.996595269310027E-4 -0.002129961050512252 0.0014970458850946723 0.002393661556653949 -0.0022623118780753762 -0.0030621066822602914 -0.0018883111128035193 -0.0016817920677572793 0.0016321412082477866 -0.0031799469879866525
evidence -3.453536897437804E-4 0.002826486172667804 -0.0014175838682047308 1.9587476280116776E-4 3.939525736810369E-4 -4.789278788998681E-4 0.0053783555161323856 -0.001527314012563738 0.011236629370972459 0.004320144503235254 2.9995930490718796E-4 -0.00471015374611566 -0.003463716519605437 -0.004486793605005957 -1.1912644382349965E-4 0.0029639326275780332 0.0025465034110465287 0.002355972670800699 -5.801828582907612E-5 -8.065929767676008E-4
all 1.579911389714157E-4 -7.297334832437585E-5 -8.0795823771186E-4 -4.705731340980964E-5 -1.852209522964831E-5 2.4562110587602833E-4 2.3216563286129933E-4 -5.190036162935247E-5 -5.662255195374323E-4 6.036964924751199E-5 -0.0011924914391824382 -4.062761800857561E-5 1.0668672668129972E-4 3.658912343108917E-4 -2.8565782539204516E-4 7.728501910076882E-5 0.0011758518945553327 -6.297863628590623E-4 3.034078010230279E-4 4.7776711675555106E-4
New -5.4154842795626863E-5 -0.0010196005886814884 1.8303663820634538E-4 -2.4139412018762943E-4 -2.0763653879624577E-4 4.465514670428177E-4 -0.0012202956045219502 0.00504650319295027 5.467245147462284E-4 -0.0010636218362694994 -0.0019762313528129305 -0.004581113514931146 2.3030720835418004E-4 7.794372501392976E-4 5.490854729843753E-4 0.0010751109294891148 -9.253731020534748E-4 1.9173947249374228E-4 -6.613974944744972E-4 8.009232620079799E-4
kits -3.529734721316549E-4 2.8629235798275737E-4 7.242230807353258E-4 6.587492700380225E-5 -1.4806055948800266E-4 -1.922416828817227E-4 -0.0011673152507456006 -0.0015965080002742454 9.575292140055711E-4 -0.0013592668401439208 0.0016295951400529258 -0.002552216441445582 4.590753829769415E-4 3.925266226001158E-4 -0.0022460938286783913 1.4896260575199612E-5 -0.0019184283134694293 -0.0012252353011351753 0.0015144374679973125 -0.0013389443867439258
Lear 8.16890224955482E-4 5.873463772798381E-4 -0.0015195705309113351 -1.4099334263679419E-5 1.3655477125711145E-4 1.986802434934411E-4 -4.748454950127089E-4 2.486149995410683E-4 4.7277691797212453E-4 0.001335355190645099 0.0012319651782356522 3.039249977569935E-5 4.913440602472576E-4 4.1623405077115483E-4 4.670142871324219E-4 0.0013175749432182383 0.001120677156571223 -7.068608662371624E-4 0.0010831550300250418 -9.207062192990488E-4
only 4.884976039680208E-4 -0.003447713660650836 0.0010715413335475078 -5.240765784848364E-4 -7.204788707976691E-4 6.712517275155319E-4 -0.0012245038694671789 0.006584297213347282 1.4504535461591292E-4 -0.0010322902005556963 -0.0012997589297161348 -0.0039796173392058895 0.001023418885094866 0.0017886669516873192 8.520314833471911E-4 -0.0019504173267836985 4.50275638395375E-4 0.001332570976351715 0.001287433976142797 7.227896117033376E-4
worth -0.002061267192372883 -0.0013765017618335624 -0.0012977639667061472 -4.276626373195857E-4 2.733844489779636E-4 -8.888658852001182E-5 5.280996228681559E-4 -8.946230971506369E-4 -0.0020153851040295503 -0.0026391210274597475 -9.088864103652752E-5 4.295224397576782E-4 -0.0015724508904423804 -0.002227247662144845 -0.0011029378891139303 0.003229600415583274 0.0014490776273292391 0.006975739588301812 0.005175873017344018 -5.53988802479199E-4
third -7.218348558192078E-4 9.377807952783001E-4 1.4667386541056477E-4 8.119842531752345E-4 9.227771966306032E-4 -5.8822267720342464E-5 -5.743280228482931E-4 -2.0834415718731336E-4 4.8207896710470094E-4 -2.207397151342798E-4 -0.0018797741479563085 -2.420950209734493E-4 -5.2894882908152824E-5 7.601518019401423E-4 -0.0016168712881636526 -7.39072685224601E-5 4.6552045625837166E-4 0.0016345174577734837 8.611447098966998E-4 3.494210079869149E-4
include 9.394321747844659E-4 6.686134595526717E-4 0.0011033499506045725 2.487732635903212E-4 -1.1344444209132926E-4 -4.5795704774443465E-4 0.001989349742774191 -0.00236912314339215 -0.001236895221456338 -0.0038556955152202863 0.005424398528680812 -0.0022967969224474923 -4.773602330592824E-4 -0.001216212117379185 0.0028992881046420514 1.5450113437352818E-4 0.0011701261058709375 8.252379629160477E-5 1.6294191300194442E-4 9.760739821416331E-4
region 2.8473675182707707E-5 3.175254250801545E-4 4.598943878187039E-4 8.752435142839445E-5 -5.723510804800827E-5 -3.473253005270687E-4 -8.920025707023312E-4 -0.0013648841476474843 5.808020843696102E-4 -0.001209741657767035 0.0016202762232204503 -0.002453319813245725 3.333141535011004E-4 1.709444372631754E-4 -0.002379748678654656 1.4189966417437936E-4 -0.001841392484612552 -0.0015812125053328808 0.0015064411592663914 -0.0015593562441421438
Paraguay 1.403250530247288E-4 -8.489728152485191E-4 8.635329527665907E-4 -5.206852996785209E-5 -2.842887663071663E-4 5.2270216789531855E-5 -1.9258662728314553E-5 6.852549251027445E-4 9.070832645590002E-4 0.0016155184564772159 0.0016770441356566356 1.8332625809715052E-4 -5.146643931607073E-4 -0.0011297955920125016 5.727441092906361E-4 -0.0010304124763177926 -2.4718659475820274E-4 9.041651442468785E-4 8.876106407962952E-4 -0.001201812648631466
vehicle 6.18415243492781E-4 6.818325970286176E-4 -0.0011022699725893033 -1.5699502684580823E-4 1.9459109016094832E-4 1.1447846656808412E-4 -1.1267439838883809E-4 3.3946169731457224E-4 -0.001014000747637152 3.6655367301425976E-4 -7.250453093374619E-6 6.232545639479686E-5 6.408143516621418E-4 8.231042334071083E-4 -2.238797526741579E-4 0.0011695724171592887 0.001759710755914792 -0.0020058778291040342 3.820666130631736E-4 -2.7924101824877554E-4
where 3.257890384365883E-4 -7.68633625540454E-4 -3.676191972967735E-5 1.2057528931660954E-5 2.645449093367276E-4 -3.164360141672065E-4 -7.321026614534288E-5 -3.7904041213121373E-4 3.7093341012483685E-5 -1.3901878834146874E-4 -1.8967522599756885E-4 -3.9017890105863746E-4 -2.4058472217112418E-4 -3.415635226335819E-4 3.6337350137948264E-4 6.252878876091463E-4 3.205836053916581E-4 8.857751330408262E-4 -6.734867833987141E-4 2.3432266892306372E-4
this -5.267070766508149E-4 -0.001286545943263278 0.0012161820587199591 -0.0021986896437594192 -0.0049866253684439504 -0.01626706274242897 -0.0019559107847611566 -6.283930707165458E-4 0.007100993679845944 0.005300421149637732 5.275722811452667E-4 0.0010100302290849327 -0.0011485431749008901 -0.0024116874469136025 -9.194973817392634E-4 -0.002480601808198712 -8.245010894683295E-4 -4.004855517563706E-4 -0.005293598751264688 2.49532527876816E-4
expansion -7.359314780242625E-4 2.2742566743178224E-4 -8.45885351847826E-4 5.345804882383977E-4 4.1983664848435805E-4 -3.1362362348446096E-4 -0.005361370170776808 0.006180824189127284 2.1123349078500323E-4 3.1499031140091115E-4 0.001115099456711818 -0.0026736879545044643 -9.684163948046923E-4 -0.001683779729749991 4.3764809753271417E-4 0.0015024449275945935 -6.301189070086324E-5 5.16173395519983E-4 -4.160279848455446E-4 2.886372887240627E-4
investment 5.062757956367705E-4 -8.008439774134427E-4 9.018686505936213E-4 4.968735180270693E-4 3.429505524496682E-4 -3.094497264330398E-4 -2.387491569727087E-5 -5.6724388548225686E-5 -0.0021060612236408214 -0.0022299321659081483 6.466766716822143E-4 -0.0014483188723887052 8.925354132566172E-4 0.0011646284027878558 7.549477528587803E-4 0.0017292960572279814 -3.631319332188769E-4 -0.0013047764296404095 -4.676165104609478E-4 -0.0010013811345129789
40,000 -0.0012140045907985616 0.002619275956638485 5.494994310902797E-4 -6.9759356900791E-4 -0.001192256239379093 -4.4063539754008314E-4 -0.0029292313746516817 0.0019306900221696495 -0.0035639107554647853 -0.0016624572505203944 3.749222899264702E-4 0.0019490629041360031 -8.185680526455494E-4 -0.0015843410394948303 -0.0014795369446022853 -7.508261892607671E-4 -5.0846123789069524E-5 1.8281413544121017E-4 -6.901590499125748E-4 -2.6146851768267196E-4
play 0.00669225929888209 0.001192979712823436 4.2170066347195056E-4 9.444657452501738E-4 0.0011217923273299953 -3.2144769134781096E-4 -0.0017035620610849763 -7.418893767371184E-4 2.6087678193736913E-4 -3.6142854467846244E-4 -0.0026073953679870876 5.726982121801848E-4 -3.7621091061682617E-4 1.7104101269252856E-4 -2.822929784231951E-4 0.0012380260640111494 -7.505448056312836E-4 0.001403312250755669 0.0010092512559817307 -1.949625215964965E-5
free-trade -0.00212656763285576 -0.001785521839434092 3.9007289806699137E-4 0.0014818972424867694 0.0013446034706260344 6.613162974012618E-5 -0.0013210536754059805 5.92903926639156E-5 0.0018865097712600575 0.0025209228314093117 -0.0029709462150207025 5.352601386684926E-4 0.0010578687627366776 0.001909051623874537 -0.0012468012918448327 -0.002710208927689448 7.917628231635442E-4 -0.001191243125283058 -3.225173485674367E-5 -0.00150041063644773
Argentina. -6.602007391134083E-4 -0.0014156780234107853 -0.0020257050817647673 -1.3165091590904617E-4 4.817150678247257E-4 5.045226404347745E-4 0.0011511316985528793 -4.505971571123166E-4 -5.25348427710686E-4 -0.0011600878742701211 6.492841986787467E-4 -2.3545269553773337E-4 1.4237955591341403E-4 2.1625632240193375E-4 6.203947457391274E-4 3.5542822479615074E-4 0.0012496295237956084 0.0012401712536368843 2.8287504001935163E-4 0.0012755592296496497
Inc. 2.8473675182707707E-5 3.175254250801545E-4 4.598943878187039E-4 8.752435142839445E-5 -5.723510804800827E-5 -3.473253005270687E-4 -8.920025707023312E-4 -0.0013648841476474843 5.808020843696102E-4 -0.001209741657767035 0.0016202762232204503 -0.002453319813245725 3.333141535011004E-4 1.709444372631754E-4 -0.002379748678654656 1.4189966417437936E-4 -0.001841392484612552 -0.0015812125053328808 0.0015064411592663914 -0.0015593562441421438
production -7.966373453816416E-4 7.52898171193041E-4 0.0010647607950311398 9.552966547992303E-4 4.803618323960497E-4 -8.981410593890037E-4 -0.0028349626116468104 0.0014703230479562392 -0.0038895746520427777 -0.001068708191730202 8.602222356603552E-4 0.0021219448027654103 -0.0010177770339260574 -0.001881559338366208 -4.4941727779450167E-4 1.6397614111306975E-4 7.111674273299894E-4 -5.454129447674095E-4 -1.8791724955513349E-4 -9.960162993740873E-4
points 2.8473675182707707E-5 3.175254250801545E-4 4.598943878187039E-4 8.752435142839445E-5 -5.723510804800827E-5 -3.473253005270687E-4 -8.920025707023312E-4 -0.0013648841476474843 5.808020843696102E-4 -0.001209741657767035 0.0016202762232204503 -0.002453319813245725 3.333141535011004E-4 1.709444372631754E-4 -0.002379748678654656 1.4189966417437936E-4 -0.001841392484612552 -0.0015812125053328808 0.0015064411592663914 -0.0015593562441421438
international -0.0011470628292585422 1.8278920217109856E-4 4.339260644713335E-4 3.8856822997476086E-4 2.3163118596209104E-4 -5.719199910720238E-4 -7.70424551739513E-4 4.3424608270306006E-4 7.547275963360234E-4 7.480567808729469E-4 -9.758408062291557E-4 3.717479349361736E-4 4.300990558699012E-4 5.165534075058406E-4 -0.001203481833935024 -4.4624304240090595E-4 3.49454300331661E-5 -7.382884908313684E-4 -4.903000123294509E-4 0.0010451606842367747
25 4.334118036972083E-5 2.7601025741096617E-4 -1.340958083002511E-5 -3.339377715044292E-5 -3.7579800693918293E-5 1.0815196446981101E-4 2.3282947645176307E-4 2.0701727164183087E-4 -2.786653335432434E-4 6.630890245797196E-5 -1.3608427451405737E-4 -3.377950135131681E-5 2.808310708779517E-6 -5.9577861004952464E-5 -4.2683177308906024E-4 2.3940932955735742E-5 4.7034115199561487E-4 -7.145686657232075E-4 4.2517967321946874E-5 2.3243309896442225E-5
content 4.334118036972083E-5 2.7601025741096617E-4 -1.340958083002511E-5 -3.339377715044292E-5 -3.7579800693918293E-5 1.0815196446981101E-4 2.3282947645176307E-4 2.0701727164183087E-4 -2.786653335432434E-4 6.630890245797196E-5 -1.3608427451405737E-4 -3.377950135131681E-5 2.808310708779517E-6 -5.9577861004952464E-5 -4.2683177308906024E-4 2.3940932955735742E-5 4.7034115199561487E-4 -7.145686657232075E-4 4.2517967321946874E-5 2.3243309896442225E-5
analysts 2.489540632020053E-4 -8.753016562786525E-5 4.1251850265361796E-5 -1.3399464665770047E-4 -1.563144837986478E-4 2.4564819851412913E-4 -1.4845138087276534E-4 -1.610651523665787E-5 -8.835916961460422E-5 1.1320849467434201E-4 3.900901392500534E-4 7.042778716757325E-5 1.6681670030215283E-4 6.950595071685063E-5 1.2155782838987407E-4 -2.80015017064851E-4 -9.219041522341077E-5 -7.524535772677402E-4 3.708149654579649E-4 -6.72014295638891E-4
plants -0.011824667471446119 0.007086808783082742 0.008224664499178795 0.0049512230119419355 0.00228419907197804 -1.0118221944336441E-4 -0.014481963008631067 0.004743237338248188 0.007634103014640255 0.011281858470637616 -0.0067495486909024864 0.002775944994794964 0.0022513844070240364 0.0035120122348427886 -2.743456515150562E-4 -0.003590764370046783 -0.002748189392554388 -0.0023031815908896545 0.0018879048541327896 -0.001767096041586443
however 2.340865580149922E-4 -4.601499795867687E-5 5.145558189140909E-4 -1.3076518078863016E-5 -1.7596979115273772E-4 -2.098290664827505E-4 -0.0012732834280268592 -0.0015880079345259735 7.711082482982494E-4 -0.001162842065550664 0.0021464506369845604 -0.0023491125247268345 4.973225430944733E-4 3.000282489849783E-4 -0.0018313590771757207 -1.6205628584620683E-4 -0.0024039240518315763 -0.001619097416877413 0.0018347381574024076 -0.0022546138496774776
economy -5.574635806502186E-4 6.708941914695741E-4 -8.285241217552696E-4 0.0012557252532102916 0.0011560999901409582 -2.689272194968828E-4 -0.0027167356097787575 0.002761905005737753 -9.819502563212128E-4 7.129452157989738E-4 0.0022885779814758147 0.0013978366859953412 -0.004315836136712928 0.001554415874439438 -8.230446487412365E-4 6.808484377695509E-4 1.6693594467714277E-4 5.780165629147262E-4 0.0017986939126713021 -3.077341100473916E-4
economic 4.926407643897737E-4 0.0043853274772746855 -3.081264677749255E-4 -0.005001596045036668 -0.0055971568592313335 0.0017685968015878249 0.0011516184877460105 0.0014852708212475996 -8.452314999528344E-4 -7.44933303823409E-4 -4.570863830557118E-4 -9.971799674459861E-4 0.0012856217132894948 0.0017811023136125763 -8.120052165602115E-4 -2.9868936609973455E-4 0.002448497779518712 -1.0055736446346921E-5 -5.320200880725407E-4 -3.592783082659069E-5
Boni 2.0450883265696442E-5 0.001829950690191376 -0.0013447968882961553 -4.433011143129299E-4 -5.448113777919488E-4 -1.1656638460735194E-4 0.005924055609047804 -0.0012517569690015226 0.011197177129830583 0.005345522717296091 0.0012978801734990551 -0.0035738599391489947 -0.003361878782550875 -0.004668221330164162 0.0010371660167976878 0.002733650122148086 0.0014412146050661186 -2.5661535473300634E-4 -0.0012525524335989338 -0.001435987684415339
facility 0.0015981506639663693 -0.0016216539537647475 -0.0014433320802634127 -4.1878828111155034E-4 9.585437558463463E-6 -2.3986947975432007E-4 0.0025072091232337885 -0.0012750583012239136 -0.0016425637313211925 -0.0038816209484665992 0.006414552835812664 -8.039076408781415E-4 -0.0013938741914983758 -0.0029785817407707517 0.0031179431131288303 1.6999405627534915E-4 -2.0486231842698838E-4 7.849382556304531E-4 -0.0022341356758983234 4.5890126455759973E-4
units 0.0018837941421571969 -0.0016274567254918086 -0.00207650057519766 -5.989388277756226E-4 -5.61631960938585E-5 2.5827503045231984E-4 0.0032092846324185804 -0.001370345896744086 -0.0018802359503745614 -0.00427046700275335 0.005545024162586942 -0.0019132120043886733 -7.02761427999976E-4 -0.0016858790372939756 0.0026291512521658274 -6.592264650462622E-4 4.336757143671108E-4 -4.6290237510571305E-4 -7.202602884562131E-4 9.722001668331769E-4
months 0.0014072200563421987 -1.5779225477565586E-4 -2.4271943176289577E-4 -0.0012895956995568633 -0.0013693324285624275 6.170610393957604E-4 6.808770070797745E-4 -0.01029744327373642 -0.02092653118958792 0.02403473448010613 1.8813384212379704E-4 -0.01395523693353868 -0.0017192479470712076 -0.0017768095017616746 -2.7736085294736604E-4 -0.0011088416496953261 -0.001682739651982058 0.002214692342542045 -7.720657002398374E-4 3.7115654626910914E-4
grow 2.882981323144345E-4 0.0010000414590548754 7.858073638063062E-5 6.207112617532545E-4 6.138599922336023E-4 -3.8218224927983154E-4 -0.001798220146013366 1.3686470348346516E-4 -8.638497429575985E-5 5.2792951551927224E-5 -2.8267228150085635E-4 3.69940645797491E-4 -4.957186563618391E-4 -5.176103057774209E-4 -6.586894847025462E-4 2.0087958167023658E-4 0.0010652677930212185 0.0011179281790076577 6.087798465286942E-4 -2.7760841856162594E-4
out -0.0025035730236208907 0.0029341662720478554 0.003171771534294478 0.0020295733271119614 0.0010206727265394272 -0.0012909395109847821 -0.0038796922428627006 5.838757221371156E-4 -0.002935873607161302 -0.0012226349755633634 0.00166010923760551 0.0013101251710095805 -5.223070714312945E-4 -0.0014419951152228453 -0.0010080890210310684 -0.0013796099902188951 0.0011484275278240736 -1.6627270343368088E-4 -6.688336157249379E-4 -9.983408119719027E-5
are 3.1870569712162596E-4 0.021466697402446028 0.004503513076121953 -0.017617167300152437 -0.02071060508602363 0.005590520166677172 -2.479944952726639E-4 0.0015791705347177067 -0.0013829529700521987 -6.204867939292496E-4 1.604858806395616E-4 0.0010605060194123462 3.776931221911794E-4 7.302165672942373E-4 0.0019269108806967265 7.934027162065149E-5 -0.0021885195079299124 4.513336430082426E-5 0.002343674503454484 -4.351070783785182E-4
sales -0.0017978577834631534 0.0025168094911685933 2.3502235185518704E-5 0.0015449116569555847 0.0011961860174935514 -7.677995576564802E-4 -0.0046580386374685 7.847877838287301E-4 2.873876035727464E-4 0.0010690410845851938 0.002619102688456234 0.0010229187430730374 -7.05484696124996E-4 -0.0016257462190035073 -0.002195957091275482 -0.001643358553121682 0.0026410603701531267 9.164710854736474E-4 5.5999317211975075E-5 1.4829397642868628E-5
expectations -0.0016175024297337246 6.412665277534036E-4 8.207367151926096E-4 0.0010457708630080753 8.172249813228973E-4 -0.0010096842015457008 -0.00298811419914299 5.236072216966735E-4 -0.0038076789150612135 -0.0022087490472928253 9.936959529427361E-5 0.0013700575133606169 -0.0011033418787781872 -0.001676954170544775 -7.347683315052434E-4 9.319038422914496E-4 0.0021153649119301688 0.0021053980888383534 0.0010069153198340266 -4.5972426259998766E-4
not 0.0013796337883142792 0.0024731900160468345 0.0010340296642547483 0.0018348697676386875 0.0018610799366885196 -8.580358813614897E-4 -0.002504588171082986 -6.810459582755717E-4 0.001720160671806016 0.001448060177280171 -0.004804147832917747 9.098709307401578E-4 3.788521890319689E-4 0.0011619656192503336 -0.0022667485782757696 -4.839328424938326E-5 -2.8960615917106476E-4 0.002926181482028602 0.0025542052502067697 1.709422688438613E-4
record -6.740866534034149E-4 0.0016061013260186899 -0.0031552884097478468 -0.0014176961734677514 -6.841547634749662E-4 3.490291430486753E-4 7.66897390442943E-4 3.8520573444652536E-4 -8.267064087697249E-4 -0.0017656843785020262 -0.0016016496632855841 -0.0011676732077436638 1.7624607924760063E-4 3.562439450372913E-4 -0.002555131044950662 -0.0014535058493574736 0.0016638481245796295 2.1834264546739124E-4 -0.0016256555439406188 1.2404601007923543E-4
U.S. -1.7388672033451726E-4 -9.509784764880184E-4 -9.39006716632086E-4 -6.084971312338971E-5 2.29984007652903E-4 1.765478194623696E-4 0.0014138070747533097 -3.759704315022193E-4 -0.0025434070936593586 -0.0027596276602573863 5.997638267560724E-4 -8.396279645869685E-4 3.866323539829245E-4 5.345404866928271E-4 5.148314838589947E-4 0.0014349377974518186 0.001505009298203133 -6.208315969985459E-4 3.772028064159293E-4 1.532524098605291E-4
announced 0.0014066978431844237 -0.00302017500641252 -7.117270135141194E-4 -3.222653489827402E-4 -2.1198781071901318E-4 6.51945659605E-4 1.6547349347482483E-4 5.073462883247815E-4 5.648321290434577E-4 0.0011875462735798366 2.4130130275156828E-4 -3.464435630578E-4 8.835504132479624E-4 0.0011578242592163294 -0.0012460647186883526 -0.0011987295385779775 0.0013078870084438719 -5.870170111964455E-4 2.1278469358055384E-5 -8.10862910185996E-4
Grand 6.443373425568406E-4 -0.003951570108026533 0.0026694367363761552 -0.0011168479178971986 -0.0015273287420071921 3.408655177331037E-4 -4.991825003093569E-4 0.001510364330224749 -3.957688972926845E-4 -0.0010094337106238164 9.427731162548649E-4 -0.0012186721782994363 7.41743212167638E-4 9.609046338722402E-4 -0.001460692175805432 -0.005000753193573456 0.004647022821709444 0.0020604977287450163 0.0013419678305102373 5.773835223429854E-4
assembly -5.4154842795626863E-5 -0.0010196005886814884 1.8303663820634538E-4 -2.4139412018762943E-4 -2.0763653879624577E-4 4.465514670428177E-4 -0.0012202956045219502 0.00504650319295027 5.467245147462284E-4 -0.0010636218362694994 -0.0019762313528129305 -0.004581113514931146 2.3030720835418004E-4 7.794372501392976E-4 5.490854729843753E-4 0.0010751109294891148 -9.253731020534748E-4 1.9173947249374228E-4 -6.613974944744972E-4 8.009232620079799E-4
trying -1.0558898204720642E-4 3.697790254176148E-4 3.9310185419360314E-4 1.2133086019685402E-4 2.0786108125002846E-4 -3.615765037067473E-4 -4.231450595469379E-4 4.5781346000816747E-4 6.552725365273029E-5 6.61937622337263E-4 8.067646650468863E-4 6.558604672107646E-4 -5.443469748862517E-4 -0.0010975806959584583 -1.7287214644874226E-4 6.967199609436485E-4 2.945611523104182E-4 -8.586426349790672E-5 -7.648800971086145E-4 -5.117320322134427E-4
starting -6.384354548589154E-4 0.0015230365135242361 -0.0010423315708841968 7.425808312755847E-4 5.898933865866853E-4 -6.520231260574683E-4 -0.003908245089803093 0.0013413382678188468 -6.141563575044679E-4 0.0014449210501283824 0.0029552465350106923 0.0018736460590753643 -0.0011959152924500933 -0.0025227948408942406 -5.38269148540722E-4 4.512749310612141E-4 0.0013327023633482272 -3.901347426969673E-4 2.878874769509E-4 -4.890426633874748E-4
capacity -7.966373453816416E-4 7.52898171193041E-4 0.0010647607950311398 9.552966547992303E-4 4.803618323960497E-4 -8.981410593890037E-4 -0.0028349626116468104 0.0014703230479562392 -0.0038895746520427777 -0.001068708191730202 8.602222356603552E-4 0.0021219448027654103 -0.0010177770339260574 -0.001881559338366208 -4.4941727779450167E-4 1.6397614111306975E-4 7.111674273299894E-4 -5.454129447674095E-4 -1.8791724955513349E-4 -9.960162993740873E-4
n't -1.3591332623571204E-4 -0.00288732755463653 -0.0039001747463006534 -0.005710523708112251 -0.010748181764245445 -0.05117010128062631 0.0019331345479531139 0.0011468582074929358 -0.0018560604915674238 -4.99640843960823E-4 -8.735764158901773E-4 -1.8742989022698162E-4 0.0010550938664624315 0.0018936216564633148 4.18352654214519E-4 7.583485600619027E-4 1.5423860014803347E-4 1.350486780619423E-4 0.0022518273398851115 2.098851982535503E-4
already -2.5822227359176123E-4 5.056978429976666E-4 6.612938035501304E-4 1.4738497765817205E-4 1.966653767376131E-4 4.28207727839371E-6 -8.26907081258031E-4 -1.5710628728109915E-4 0.001192954907599787 0.0011305232905205118 -0.002179367049728691 4.95345496608001E-4 2.7478253787465443E-4 6.045560826943181E-4 -7.751444373320558E-4 -1.882184981099517E-5 -8.768005747606366E-4 0.0025986570038158325 0.003991347498698245 -9.464250995358857E-5
brand 5.461039712790747E-7 -0.002380862768377316 -5.229813828016236E-4 -3.4378564539438354E-4 -4.0005268998232336E-4 2.4345868652082868E-4 5.052681432296174E-4 -1.9160007460775668E-4 1.6327221539774291E-4 2.0267563741904865E-4 -9.030250370848998E-4 -2.2280080231060727E-4 1.3870941061731786E-4 6.224495826343429E-4 0.001195274109613908 2.3226485576593377E-4 8.41644138358105E-4 -7.807295704910939E-4 -2.2083329294461245E-4 -0.00114440709589232
reinsurance 7.544087644254982E-5 0.002700648288378865 -0.0014872251890594263 -1.295424601090742E-4 -9.900141076147992E-5 -1.5286772572537232E-4 0.005952139378933577 -0.0010232451874938005 0.01193190911556764 0.004838306010776564 9.612946323145204E-4 -0.004555352094409804 -0.003361017673888427 -0.0045037321429723075 2.7192084716690324E-4 0.0021735901680089674 0.0013958252656233825 0.0011130590233182738 -4.5216923418784375E-4 -0.0011413852299485604
rates. -6.418355845194523E-4 2.4997919905029702E-5 6.346836723139795E-4 5.484991577986055E-4 3.996311497768157E-4 1.4267472989131804E-4 -7.973236884198545E-4 0.0016309054857606095 3.994283062776435E-6 -4.4087336579456824E-4 5.67822011692798E-4 -4.673169237724548E-4 -2.1482972116026035E-4 -3.0591594707263324E-4 -5.832494059496477E-5 -7.335909826234262E-4 -0.001084351869243242 9.712077161346041E-4 3.0870389674383784E-4 6.335249808511886E-4
three -8.835072546075567E-4 -6.809210386083646E-4 0.001371686645135491 -0.0011745854711424503 -0.001508327024406219 7.137072047539898E-4 -1.4612342554585906E-4 0.0010243058490805599 7.275826907420849E-4 0.0017960587679080884 7.968106020574931E-4 7.285826380918672E-4 3.694853856978636E-4 2.931006125300706E-4 0.001333029768600586 -7.649570753562827E-4 -0.001021817538351241 -9.115680708652444E-4 0.0030872649449747865 1.9153936441589537E-4
head -5.910244625493575E-4 3.8935774815420965E-4 0.001119422226126527 8.546957852919723E-4 3.6162714929132035E-4 -7.606448253446854E-4 -0.0032162434689713385 0.0012471992610777508 -0.003699268488114135 -0.001021808599513832 0.001386396649424465 0.0022261520912842995 -8.537686443326844E-4 -0.0017524755266444042 9.897232368443252E-5 -1.3997980890751615E-4 1.486358601109636E-4 -5.832978563119422E-4 1.4037974858088396E-4 -0.0016912739049094218
peso -6.902234798264E-5 -9.780854210123E-4 6.563406068550747E-4 -1.2047599160879219E-4 -2.272918461503354E-4 -8.925797954061832E-6 -0.002345127651676044 0.003474601773660956 0.0014061919326590817 -0.0023396723964945066 -2.1987085507842248E-4 -0.007000653826825554 5.608130511465013E-4 0.001009959548407424 -0.0014038314325812188 0.0011930696607077584 -0.0032371067386616436 -6.749043671159305E-4 8.02525697469946E-4 -7.816762920306064E-4
other -4.222742193628276E-4 -1.7774597379237414E-4 3.8915035926069004E-4 2.9351885154403883E-4 2.1705076296765815E-4 3.85627657633004E-5 -3.4436566121016796E-4 0.0014344598862171434 3.9276107895393295E-4 9.062154796570211E-5 -7.813851213259615E-4 -8.85854238703109E-4 9.095490655427538E-5 3.5599428057427767E-4 -6.920563711133198E-4 -2.194746121528671E-5 -3.236468260618012E-4 -2.2851183877965972E-4 -2.1036802433950817E-4 5.863629267076816E-4
're 3.1870569712162596E-4 0.021466697402446028 0.004503513076121953 -0.017617167300152437 -0.02071060508602363 0.005590520166677172 -2.479944952726639E-4 0.0015791705347177067 -0.0013829529700521987 -6.204867939292496E-4 1.604858806395616E-4 0.0010605060194123462 3.776931221911794E-4 7.302165672942373E-4 0.0019269108806967265 7.934027162065149E-5 -0.0021885195079299124 4.513336430082426E-5 0.002343674503454484 -4.351070783785182E-4
Mexican 4.685060805798979E-4 2.6702409136686176E-4 -0.002424390067263272 -4.47341184693359E-4 2.384106321891649E-4 2.6235437105132147E-4 7.862928057611369E-4 -0.001136713665031981 3.3215035856475126E-4 -2.049480092295644E-4 9.637128818018702E-4 -7.722175938011381E-4 6.842903117466487E-4 7.755642163849296E-4 5.715507211845013E-4 0.0016334265307399053 0.001702892418423359 -3.5139747302066375E-4 -2.080329913954547E-4 8.208968128525976E-4
domestic 4.155589606843079E-4 -5.132088330185469E-4 -6.833344719250695E-4 -1.486641525718936E-4 1.432214181601162E-5 3.291527327693977E-4 -0.00123914680579045 0.005284923809559123 4.695132144926519E-4 -3.889331990452259E-4 -0.0015648893964587702 -0.004561853922456042 5.836918793301153E-4 0.0012101093102310338 8.530916168693042E-4 0.002304898710237589 8.895261000260019E-5 -1.3180301994307372E-4 -4.8572098373202E-4 5.044586145568728E-4
their 2.489540632020053E-4 -8.753016562786525E-5 4.1251850265361796E-5 -1.3399464665770047E-4 -1.563144837986478E-4 2.4564819851412913E-4 -1.4845138087276534E-4 -1.610651523665787E-5 -8.835916961460422E-5 1.1320849467434201E-4 3.900901392500534E-4 7.042778716757325E-5 1.6681670030215283E-4 6.950595071685063E-5 1.2155782838987407E-4 -2.80015017064851E-4 -9.219041522341077E-5 -7.524535772677402E-4 3.708149654579649E-4 -6.72014295638891E-4
sale -0.00145258688497164 0.0022139635192043937 -0.0024339402936813183 0.0014769873408515106 0.0014307718606834734 -0.001061017680670726 -0.006868041989407672 0.0014973913801150788 -9.913655193453021E-4 8.168945544889632E-4 0.007259454729905007 0.0028185015373140463 -0.0022095960611320637 -0.004811277270338236 -4.09277843594864E-4 7.38212474729006E-5 0.0029389246351261885 3.4943315042908733E-4 3.3129782711344683E-4 6.792612030680616E-4
area 0.004166008689715381 0.0026759243621696013 0.001998564225660425 0.0012336338499933414 7.026941575899636E-4 -0.0017071962346533551 9.067522993571943E-4 -0.006737361850394685 -2.9421853713841524E-4 -0.010278580799019738 0.011950199259137593 -0.00941401676382034 -2.1955225068887618E-4 -0.0011601081432059802 -0.0013866420022506409 -0.001242728492950015 -0.0021560558635116407 -0.0010151689815403125 0.0013881306234370088 -2.1583822780643126E-4
some 8.1264713193227E-5 5.175192326455619E-4 -2.514296405629703E-5 -6.261333215708052E-5 -7.046212630109677E-5 2.02784933380896E-4 4.365552683470559E-4 3.8815738432843223E-4 -5.224975003935817E-4 1.243291921086976E-4 -2.551580147138576E-4 -6.33365650337184E-5 5.265582578961595E-6 -1.1170848938428534E-4 -8.00309574541988E-4 4.48892492920037E-5 8.818896599917781E-4 -0.001339816248231014 7.972118872865082E-5 4.3581206055829444E-5
need -2.1117796409441284E-4 7.395580508352295E-4 7.862037083872063E-4 2.4266172039370804E-4 4.157221625000569E-4 -7.231530074134945E-4 -8.462901190938758E-4 9.156269200163349E-4 1.3105450730546058E-4 0.001323875244674526 0.0016135293300937727 0.0013117209344215292 -0.0010886939497725034 -0.0021951613919169166 -3.457442928974845E-4 0.001393439921887297 5.891223046208365E-4 -1.7172852699581345E-4 -0.001529760194217229 -0.0010234640644268855
president -0.0015932746907632832 0.001505796342386082 0.0021295215900622795 0.0019105933095984605 9.607236647920994E-4 -0.0017962821187780074 -0.005669925223293621 0.0029406460959124784 -0.007779149304085555 -0.002137416383460404 0.0017204444713207103 0.004243889605530821 -0.0020355540678521147 -0.003763118676732416 -8.988345555890033E-4 3.279522822261395E-4 0.0014223348546599788 -0.001090825889534819 -3.7583449911026697E-4 -0.0019920325987481747
Volkswagen -0.0015550478079647224 3.2875722794265796E-4 -5.148673213371109E-4 1.1416086211680552E-4 5.98566696465858E-4 -6.78235537377226E-6 1.5935577791116687E-4 -0.0014793971092354674 -3.9353919312336516E-4 -0.002147463906209302 -0.0017938738297602753 -0.001571333581512221 -1.6551306828669737E-4 2.9005461363296143E-4 -0.0014243656535996027 0.0015837372682682305 0.00374907727319159 0.0038724847357651127 0.0024747010734222146 0.0011190706933410849
That 0.00484287060813594 -0.026051202022364068 -0.004136024729491377 -0.012354154637565319 -0.010409592611218248 0.002941774553517313 -0.022871118261846866 -0.02021208804018839 0.0038175423934925443 -0.004960475126582346 -0.005780766425490671 -7.084800722406217E-4 -7.780315394782426E-4 -6.166042169589281E-5 0.0013862656044961257 0.0069293402718143176 -2.014512708760073E-4 6.458501725358129E-5 -0.003426567576450403 7.312603253878788E-4
higher -0.0012768709097178308 0.0030460730270484722 -0.0020846631417683935 0.0014851616625511693 0.0011797867731733705 -0.0013040462521149367 -0.007816490179606186 0.0026826765356376936 -0.0012283127150089358 0.002889842100256765 0.005910493070021385 0.0037472921181507285 -0.0023918305849001866 -0.005045589681788481 -0.001076538297081444 9.025498621224282E-4 0.0026654047266964544 -7.802694853939346E-4 5.757749539018E-4 -9.780853267749496E-4
crumbling -0.0013481733068068298 0.0032122026520373798 -0.0063105768194956936 -0.002835392346935503 -0.0013683095269499323 6.980582860973506E-4 0.001533794780885886 7.704114688930507E-4 -0.0016534128175394497 -0.0035313687570040523 -0.0032032993265711683 -0.0023353464154873276 3.5249215849520127E-4 7.124878900745827E-4 -0.005110262089901324 -0.002907011698714947 0.003327696249159259 4.366852909347825E-4 -0.0032513110878812377 2.4809202015847086E-4
parts 7.268789595263346E-4 -1.6365526689354336E-4 9.372786200827083E-4 -1.9767992564348257E-4 -4.950627498155304E-4 -3.3843603886405657E-4 -6.770889634091813E-4 -0.002796461624825301 0.0019081364824705786 -0.0036854048534281 0.004990695235205981 -0.004990553057639648 5.024750147806323E-4 -1.3316862715265373E-4 -0.006280125865377149 -0.0010092083399901438 -0.0057018506765980775 -0.001178081300086258 0.0026100599084793075 -0.001547650740806158
attraction -0.0017882667370939793 -0.001085425349798826 0.0025224140281350205 0.0014945926235240855 6.20610188587445E-4 -0.0011194831136319943 -0.008576175385241053 0.012619617938529356 -0.006128369607506609 -0.00439727786091535 -0.0019598496852770353 -0.004850778421628839 -0.001580556272561315 -0.002085088454443919 0.001052999936557868 0.002430292275292898 -0.001369093653438204 7.2179038689908E-4 -0.0017836654227031572 -4.3667269452509947E-4
77.12 0.0022615794433633943 0.00247659846856809 -0.0055696723927310815 -2.649020542556748E-4 9.08448918532313E-4 3.9128574773090655E-4 7.322173204515588E-5 7.388759980058333E-4 0.0012540953591158518 0.003848809592279854 0.0018259599471710972 -7.879259502790991E-4 0.0019493614070280507 0.002380908731112653 1.5941499227588386E-4 0.004845194318186232 0.0052499861319733115 -0.003158614536772776 0.0021728963195071956 -4.929800248155087E-4
roll 0.013627176244641385 0.003924368526221716 9.234675478657804E-4 0.0022671412383121086 0.0024454197568178483 -0.0010603948619501845 -0.0023750600738778444 -0.001102158452195656 8.99256721713781E-4 -7.092567390859876E-4 -0.004686185331996977 -1.9596807975335288E-4 -2.000656970634473E-4 8.051178459526735E-4 -0.001892722103782712 -5.041843651654099E-4 5.197687870353375E-4 0.0024680603481199415 0.0011637637650109358 4.8599491179976867E-4
free-falling 4.708442660591988E-5 0.0034804734880394548 -0.008553510135806904 -0.003039558996360857 -0.001239092918386307 7.04007628619871E-4 0.002398096341976077 7.009985120030029E-5 -0.0010113688889024418 -0.0022060412153405116 -0.003489905366170481 -0.0031528916555148404 0.0021027129904317874 0.0033197478167508723 -0.004977266352907158 -6.788339140570896E-4 0.005369007934484902 -7.324025541032937E-4 -0.0035317696802069287 -4.595376047453077E-4
GDP 0.0030312450459008314 0.0038446600859254 -0.007761852855175311 -4.102011522324459E-4 9.289325574610815E-4 7.285617205953619E-4 -0.0012331407062938556 0.0012504983839855006 0.00124809281079143 0.0050962484749923695 0.0039770544990942675 -3.4556363004983014E-4 0.0030196448683385544 0.0034729484471959296 3.76669573039922E-4 0.0071798764269513865 0.006007990235407111 -0.00461837927424137 0.0038032997996063837 -4.596915615564203E-4
movement -9.27716796713455E-4 0.003475047615850426 -0.0070804853124683525 -0.00233029687900995 -0.001542765122207687 3.340369906227375E-4 0.0010752208790482279 7.378925131518396E-4 -0.004485650504606507 -0.0042408765339328304 -0.00494021265586771 -0.002026189098428595 1.951365726524368E-4 8.965007988859364E-4 -0.004459901137765865 -0.0010216925765204091 0.0053235062383443455 -9.965775519698104E-4 -0.003295269823072602 -6.366054607630032E-4
neighbouring -7.168362576589311E-4 4.452933104971391E-4 -0.0030487361035317407 1.1733054412124362E-4 0.0010363524213049334 2.563717835775994E-4 3.7844256471095773E-4 -0.0016761221843409073 3.3138690336542346E-4 -9.683823657400546E-4 -0.001972851923202882 -0.0018868174917720775 9.716970288757163E-4 0.0021023799876049285 -0.001087777656957622 0.0036518463989047597 0.0050403857683181215 0.004640524271042691 0.0037829246756123027 0.0012164129388600418
role -0.008409260515425456 0.011889788816142877 0.004716670092767326 0.0051647791255228235 0.003169851953718724 -0.002588773388243137 -0.012834312823891563 -3.8429771836930845E-4 0.0025770616711669843 0.0011009460761691138 0.006665720010313507 -7.578649278311895E-4 -4.6447071082727576E-4 -0.0023124054306153594 -0.002020493046214016 -0.0039593359664019225 0.00478559500343642 0.0019949823036148964 -9.851976137231705E-4 0.0022335367990915047
126.6 8.140902956461728E-4 0.005594892573422054 -0.034151008525915315 -0.003378431396160402 0.004547817456408363 9.505663106001451E-4 -0.002933880591390474 8.849709490991773E-4 3.0031045573670735E-4 -2.229673272353647E-4 -3.01492647979649E-5 6.872121675469082E-4 -3.6752135693822165E-4 -7.473151932915902E-4 0.0017859916322009305 -0.003465956456213134 -0.005268300075778455 6.628943493825822E-4 8.917663253111249E-4 -9.24862027515119E-5
James 9.51187202700213E-5 0.001142082838301686 -7.070104359430942E-4 -5.092146482932772E-4 -2.1898827155031371E-4 5.316842698121658E-4 2.7028911742587615E-4 -4.7524767401220316E-5 -1.7974806558730902E-4 -0.0015709267347090417 -6.436965561046026E-4 -0.0010361694056503494 1.080579417244539E-4 1.8384833573401854E-4 -0.0014551723482636462 -4.0972394505151114E-4 0.0013510975078043913 9.352002228536525E-4 1.943628946775407E-4 0.0012762856749246965
engine 0.023942133976762665 -0.0436354143719325 -0.0014135656954786275 -0.013530413694482568 -0.013219514947175106 0.006608450561295694 9.23974853989522E-4 0.01125558478453011 0.0020966867309902457 0.00470667969442761 0.006859316225250322 -4.6321392729703026E-4 0.0012210520207206106 2.1890988747791165E-4 -0.0018052600347273813 -0.007164456805859014 0.002336161582232681 -1.1476663799415915E-5 0.003612547538781986 -7.489371597485018E-4
offers 5.773767686041726E-4 -0.0032638931129363 3.229766913738568E-4 2.0894410344016333E-4 4.720626730185965E-5 5.740103160323554E-4 2.733456781139368E-4 0.0023027808620766665 6.190939315147377E-4 -3.640132365627514E-4 -1.6809739399332256E-4 -0.002487619030627299 1.571147849062164E-4 5.113009297937308E-4 0.001406692990806056 1.591551383856514E-4 -6.383363962630858E-4 -0.0011904604489763456 -5.406639717309081E-4 -2.493441276697849E-4
bulkheads -0.007075442255342212 0.009478766639254715 0.00772112201017313 0.003854666165828444 0.0018755949644493407 -0.0019793777371823387 -0.006801827785690033 -0.005796742549301968 0.004966978554915144 -0.004208379339621719 0.0039957793867330255 -0.009411796672473367 0.0025939881810751095 0.0030750731256994684 -0.0057034521064418826 -0.004578086500175593 -0.0015625946924851405 -3.8717322165692766E-4 0.0014519097509078105 9.290963758216788E-5
meet 5.998300965795224E-4 0.001175236312565713 4.94802461825346E-4 0.0010327408779184047 0.0012328289395425363 3.8137945374080545E-4 -8.311318414909761E-4 -3.362089893042511E-4 7.78837113878356E-4 -8.918422510014166E-4 -0.0032388844321445875 -4.2698197422312654E-4 -4.85766688143558E-4 4.888549635540098E-4 -0.0017712342896593057 -4.629969371798201E-4 2.7145899846049834E-4 0.007215868006450454 0.0025768494320252233 0.0022421721019438073
735 8.140902956461728E-4 0.005594892573422054 -0.034151008525915315 -0.003378431396160402 0.004547817456408363 9.505663106001451E-4 -0.002933880591390474 8.849709490991773E-4 3.0031045573670735E-4 -2.229673272353647E-4 -3.01492647979649E-5 6.872121675469082E-4 -3.6752135693822165E-4 -7.473151932915902E-4 0.0017859916322009305 -0.003465956456213134 -0.005268300075778455 6.628943493825822E-4 8.917663253111249E-4 -9.24862027515119E-5
Dodge -1.6782858885529807E-4 -0.0022247886485454943 0.0017812380537661678 -3.547480868873355E-5 2.466164985411126E-4 -3.7259683400409E-5 -0.0011008331498378618 0.010574054773192612 8.592515969639992E-4 -0.00196257872877575 -0.004646087107975839 -0.008793349198280414 -9.656104283467389E-4 -2.411729043654471E-4 0.002335201716939211 0.004601830148267318 -0.001876393552719054 0.0012156830885704747 -0.0022939564863515335 1.6659662536036392E-4
purchased 0.0905877039654239 0.014769592128714345 0.003720446568800284 0.0056124291750163525 0.00491481928595802 -0.0026539930157315 -0.0034245925749043986 -5.695385386919823E-4 5.169753603396795E-4 1.809768692272483E-5 -0.001767638960466518 4.2832376078185265E-4 -3.816235303720438E-4 -3.6602173371158987E-4 -4.157235006789884E-4 -3.0113767028366455E-4 -3.339143936957362E-4 -1.0217958025741319E-4 -9.027885030092896E-4 -7.714369622300446E-5
2 0.0013302794443229601 0.006736533602725517 -0.01106511577158809 -0.0038035372844071815 -0.002457908810421267 0.0015305296844665528 -0.007052466894469391 2.576728086786247E-4 0.0028733369791287796 0.004417223044612036 0.0038787265040732713 -5.608471175287898E-4 0.00174485223896107 0.0015435609099890529 -0.0027701851031286923 0.00427974482546788 0.004675813899257048 -0.0031043977680540948 0.0032849168642937947 0.001596722883649563
projects -0.001471862956048525 4.548513348635645E-4 -0.001691770703695652 0.0010691609764767955 8.396732969687161E-4 -6.272472469689219E-4 -0.010722740341553617 0.012361648378254568 4.2246698157000646E-4 6.299806228018223E-4 0.002230198913423636 -0.005347375909008929 -0.0019368327896093847 -0.003367559459499982 8.752961950654283E-4 0.003004889855189187 -1.2602378140172648E-4 0.001032346791039966 -8.320559696910892E-4 5.772745774481254E-4
vengeance. -0.0013481733068068298 0.0032122026520373798 -0.0063105768194956936 -0.002835392346935503 -0.0013683095269499323 6.980582860973506E-4 0.001533794780885886 7.704114688930507E-4 -0.0016534128175394497 -0.0035313687570040523 -0.0032032993265711683 -0.0023353464154873276 3.5249215849520127E-4 7.124878900745827E-4 -0.005110262089901324 -0.002907011698714947 0.003327696249159259 4.366852909347825E-4 -0.0032513110878812377 2.4809202015847086E-4
opening 0.0014734371896144968 0.0028971808239043155 -0.0039125937692958595 5.067858140925955E-4 2.9001434253018573E-5 9.000638551290186E-4 0.002112561011201288 4.157077557182688E-4 -0.001764364602282204 3.455538523606414E-4 9.651890203282815E-4 -0.0017535960825933673 0.0034221459099907816 0.004960795741792724 -7.91921956881067E-4 0.003224998157655226 0.004274079861766732 -0.005089389754827055 8.858770663036273E-4 -1.9978098873765684E-4
