<OOV> 0.7163170797148867 -0.002198917057399932 -0.00461849591007632 -5.384869632710458E-4 -3.123069705456272E-4 -2.9011876129733265E-4 -7.751641287377343E-5 8.370872698508645E-5 -6.489324894055078E-5 6.672609910546157E-5 3.028966770769801E-5 -7.340422865089172E-5 8.367792614553695E-5 5.045030783406858E-5 -7.60313518385746E-5 6.481739632524854E-5 -5.0126385587750064E-5 -8.207539047896595E-5 8.46533276112787E-6 5.1564787299562495E-5
, 0.10308128854176025 0.009564972153166285 0.015327227786554223 -0.00468742039525029 -0.0051115542945673305 0.003360471267610198 -1.5356186506868954E-4 0.0016476862302519596 -1.504350424035937E-4 -4.2309462242296565E-4 -9.90488612741444E-4 6.964915684405951E-4 -0.001373084680412866 -8.114338961873763E-4 6.819280302597635E-4 9.182716178802026E-5 5.535994907899317E-4 -5.901227602154176E-4 -4.5371499538952913E-4 2.6130416344636812E-5
the 0.05638647598508572 -0.020277864024743533 0.011497531585425252 -4.921965538848531E-4 0.008193369756375425 -3.137814075194087E-4 -1.580220441082087E-4 5.02256374848223E-4 -2.089799674703559E-4 5.118863100074327E-4 -3.1206924163053724E-4 1.1015941856939575E-4 -1.0507827773842743E-4 -3.095704437821625E-4 4.6725520352412374E-4 -9.25479296539543E-5 -2.8299987639124476E-4 5.667248136417028E-4 -3.730511989310998E-5 2.617514720187527E-5
in 0.05988862788387557 0.010709104379814273 0.007070937152757964 0.0011599827051555964 0.0010608426559916351 -0.0030748846781125925 0.001310031346720944 -0.0024598349867770842 2.2373740311387922E-4 6.117206428337613E-4 0.0010573092877915397 -4.350601489297219E-4 0.0013200483404122345 0.0018128341750375363 -4.4674574437537104E-4 -0.0013401147899375636 -8.617503788660169E-4 7.823419847524368E-4 5.635651462323955E-4 -9.85334698868714E-4
of 0.03642087061053397 0.016543524753545244 2.3847254432884362E-5 0.0023253770325018766 0.006573472307735176 -5.429084480810686E-4 0.0027329196351142367 -0.0015949990244146792 -4.588521216867615E-4 8.108179344661806E-4 1.9872060161220444E-4 0.0011223557605727777 -5.430444623551789E-4 -0.0020808476055049316 0.0017820262364267132 -2.2527303688936726E-5 8.341256828106122E-4 -4.994256535071124E-4 3.7246443155963035E-4 2.445850770871578E-4
and 0.03363502247346798 8.906109139128633E-4 0.003970154665525821 0.0030321220756818162 -8.195147921425561E-4 0.002748428159804432 7.982847548968645E-4 0.0013214772656913376 2.0290465562739416E-5 9.90719498546353E-4 9.678095791707098E-4 9.84914011046074E-4 0.0017400959037785987 -7.842975648908757E-4 -0.0016906756420224614 -1.0339790271549502E-4 -4.22926853116225E-4 0.0020598124954565957 0.0018615363557320317 3.39658686443388E-4
" 0.03143593338379811 -0.0017631642738942738 0.004619674880183719 0.008181642301850485 -0.003678070235562119 -0.0022433708427178328 0.0015944486820764258 -5.84553384100612E-4 -0.0016443101138164202 -9.902942123158343E-4 6.811546183053139E-4 -0.0036374964483731247 -0.0019792741895848114 -0.0012210317834004023 3.0408381608497815E-4 9.04927003219836E-4 -8.798605345579794E-4 2.8055482938366298E-5 -1.6925954104148326E-5 1.2323923766825596E-4
a 0.022767043653681006 -0.0024808667232544207 0.001287952284458504 0.003785608676621319 2.3025839754162796E-4 4.7993304170584086E-4 -0.0029122259503704157 -0.002274469772395393 0.005961071149314311 -0.003199310858275272 -0.0013602415553742421 4.4706871167572834E-4 -2.835033528734544E-4 -7.107523412405353E-4 3.5659734401145626E-4 4.118230579406254E-5 2.8393181129453336E-4 -5.859687187560562E-4 8.976463171420082E-4 -9.237693526288019E-4
to 0.03681175151901422 0.005453188204999735 0.0050284201134397554 5.44710997584066E-4 -2.7861011886872697E-4 -0.0015059184677957583 -3.462856577370428E-4 -8.216351548156918E-4 1.9319383558834153E-4 2.320929633170123E-4 9.708351731968244E-4 -6.928882751256844E-5 0.0014062488517087332 0.0015558772618796091 -1.4923813788297763E-5 7.930602331879171E-5 5.839169641352768E-4 -7.952931493976618E-4 5.4915780250792746E-5 -5.066728571883138E-4
's 0.01359817837425088 0.004711593443567551 -5.691195218165682E-4 5.882664883486248E-4 0.0027026725732812802 0.003370047299159725 0.005095125037823613 8.024232297081511E-4 3.79647004378852E-4 -0.004050855303022969 -0.0013621063096346995 4.711787586232281E-4 -6.561173667494872E-4 0.0013935807883691395 -0.001583882986441718 4.869837812474017E-4 -6.036822072352903E-4 8.089913272096161E-4 -5.526484756222615E-4 7.123883628151475E-4
will 0.017343706009145553 0.0046194780030539805 4.4326439894967225E-4 0.004804539781744042 0.0017286991298354037 0.0013553770703156884 -0.0011235078502444085 9.47052511125477E-4 9.690712254319627E-4 0.0017181503328979216 1.9939701715971817E-4 0.001172440871169201 3.364338371104596E-4 -5.134595926932628E-4 -0.0018889718073613992 0.001377089267558057 -6.163168926025357E-5 -0.0013363963915067546 -2.095419525986263E-4 2.3834862005429221E-4
Chrysler 0.014715432269676431 -0.004325693282555855 0.0011813094968816755 0.005691989754670187 -0.0026679363487773114 -0.0010793342641300758 7.128032833889721E-4 0.0011053156855462204 -7.087853344762202E-4 -2.1192077615378538E-4 -0.0018186141061677854 0.0018790230471234532 -1.703498267228528E-5 7.149363759967861E-4 0.0017415347638456574 -0.0013021858783124542 2.03108631452009E-5 9.255260279811785E-4 -4.097136486943166E-4 1.127401092908121E-4
at 0.014071721481123633 0.006007372026196433 4.799409220203821E-4 8.096769372667144E-4 0.0013160658445048059 -0.0012678665834618171 -0.0027458841697173848 -3.1913546473811844E-4 0.0017798387510282836 0.0012098366602276754 -0.0017148912605190899 -0.001579639939276367 -0.0013057566813978701 -2.849582935958609E-4 -0.00167713081853944 -9.0350471764538E-4 3.4113368501443675E-4 0.0016963466144652166 -0.0015923180559432406 5.879339347983234E-4
said 0.006939166958484266 -7.222240909591492E-4 -0.0010586747424046062 0.002904296805179627 0.0011629458698582788 0.007207181739671504 -0.001179629374000258 -1.1724694190673172E-4 -9.552262415437417E-4 0.0010562309682594596 6.189367142854294E-4 -0.0010540204560276411 4.996957769272458E-4 -2.783715408057513E-4 0.0011759742808134745 -4.582812306887131E-4 1.7856884793583598E-4 7.798022614784608E-5 -2.5743196549560546E-5 -4.2153356866489613E-4
The 0.014095083227883647 7.810609872971288E-4 9.843530961428327E-4 -2.7248866365219536E-4 -3.671337915150586E-4 0.001949219267360097 -0.0014920744971734779 -0.0031496557782014095 -0.0010450799556674284 1.4936823633159054E-4 -8.683932520043802E-5 2.9162757902925107E-4 1.0531378529791636E-4 2.213877201038697E-4 -3.618864246214071E-4 2.74565981331384E-4 -3.1075737127715636E-4 -2.7066199813883694E-4 9.559874541487458E-5 1.57347345432356E-4
million 0.009693673474633043 0.008114830527897523 -5.908584020878272E-6 0.0012481525975944995 0.002803452574866073 -0.0015617615836821044 -0.005985519108651915 0.00257919252894278 -0.003497650437382548 -0.004166829104967551 0.0011759120254975135 6.090583834594169E-4 9.123990510761348E-4 -5.192069522890518E-4 2.0296205684888706E-4 1.9453333576307803E-5 -0.0010145610289107366 3.216050822893781E-4 -2.2914775947581166E-4 -2.49275852466271E-4
for 0.014908829100343204 0.0021082720048847016 0.0017544440391050813 -3.477086927735003E-4 -1.8737642206108379E-4 -6.820181520328409E-4 -4.334454859180292E-4 -3.86658958603924E-4 1.4542485441481918E-4 3.5175405352407674E-4 3.169804285881961E-4 -2.831699759101672E-4 4.336354033606999E-4 2.106629285819636E-4 6.88887869638009E-5 1.0325396340584873E-4 -2.0773607970554116E-4 -3.042519219745149E-4 9.516629539202265E-5 3.894345440280909E-4
$ 0.007210480365604872 -0.004110323378877679 0.0012658390509662492 -0.0012516992964175214 -0.0015601077613298124 -3.2440284186725126E-4 9.577835365016779E-4 -0.0010226455641299775 0.0011623114441638885 -0.0019462843484655793 0.0021932417078829917 -7.375089041437466E-6 0.0024768047359009517 -8.971593245528077E-4 0.0010938749935739147 7.854729225216497E-4 0.0021811165551882364 0.0011889797884844298 -0.001965349080831707 9.418869455643338E-4
said. 0.005320448800431967 0.0028915823739680234 -0.0016538491334675042 8.839142755396477E-4 0.0022564509594493127 0.0038956096575831415 5.127830094664159E-4 0.001306254884475209 4.872142107773561E-4 -5.748629908415141E-4 1.8426531667839518E-4 -0.0030098440622677563 5.476747847711362E-4 0.0020946658325969735 0.0014795192329539466 -0.0011000323364066564 3.391221705466311E-4 -0.001076364421603646 -1.411141355850613E-4 -5.196055149310047E-4
Tuesday 0.006079880431362079 -3.851529421740991E-5 0.0011276722432191487 -4.087514601475298E-4 0.0010236919795274437 -6.553653877789236E-4 -0.0011604154207353807 8.243436836826911E-4 -0.0015592188175133463 -8.90674373172658E-4 8.770028836418351E-5 -0.0011649727745127506 -0.0010039943018500521 6.049016812325111E-4 -0.0016439023908932009 -9.668819793400589E-4 0.004108165786709173 1.4045759957631294E-4 0.0017011714664835868 3.57341170352652E-5
was 0.010941679153959393 0.0035123128585086002 8.330821726249675E-4 -1.796645458615003E-4 -1.5002252922120653E-4 -1.4342409861567017E-4 -7.054783260834314E-4 4.540247031896349E-4 1.5873805971946552E-4 2.860436963455862E-4 -8.896508597009224E-4 7.201882953404781E-4 -4.403429847477496E-4 1.905687996984967E-4 -1.142675844721601E-4 4.036367347914278E-4 -5.162633886378062E-5 -7.661976990627534E-4 -2.1091055283197323E-4 3.6563885984900206E-4
about 0.008183931966863846 -4.6929937922887506E-5 4.053040604512643E-4 -5.4588239761777896E-5 7.404414288181244E-4 4.8085319723614284E-4 -9.418633219142321E-4 5.442704550800212E-5 0.001332031622615896 2.6412846201680444E-5 3.186585483169902E-4 -4.419550167499615E-4 -2.671911630658946E-4 -3.6769501357231354E-4 4.419085165903475E-4 -2.49444332411002E-4 1.1757801733501667E-4 1.4900615479375787E-4 4.064753673648539E-4 1.1364499354205131E-4
from 0.010958602465598637 0.003323709689829285 0.0012527073146561573 3.161334107087594E-4 5.341264676039153E-4 -6.761436119750189E-4 -0.0011532380168778316 -8.437917721159669E-5 4.895595106077465E-4 6.15070019966454E-4 -6.553101794642846E-4 1.2733017697566098E-4 -2.086885278375086E-5 0.0010727033006366418 7.416911644950933E-4 -9.409916646753635E-4 -4.105062800971991E-4 6.885596084027684E-4 -5.258749839083113E-4 5.732647821641002E-4
is 0.0071912714421747854 0.0011311003844330962 4.1155608687852926E-4 0.0014106409795777417 2.51882222234739E-4 6.907754858732555E-4 -6.149382615144609E-4 4.1622029308831156E-4 2.5087668604323505E-4 0.001198314366482124 3.6032725289992027E-4 -6.048692833125936E-5 3.3293925592918586E-4 -3.69442823020622E-4 -0.0012722468942915034 2.4568425697525786E-5 4.5314960416701033E-4 2.5834239436297343E-4 -0.00277718757882208 -0.00236039048098435
be 0.003371162673931998 -0.0011498963130346868 -0.0014253706702172665 -4.2984572706225284E-4 -3.897128855772339E-4 8.311177492480462E-4 -4.2474487905703876E-4 3.3373861408449E-4 0.0014793426578661583 1.760018493253092E-6 0.005117634363463566 0.0017609226368957794 -0.0038573656016780444 8.356333099498053E-4 2.8564946612948236E-4 -7.397889753821145E-4 -2.9818477603177855E-4 7.323033861432575E-4 -2.5109244415762945E-5 -1.1111009176526813E-4
on 0.007950954172331985 7.121561865971096E-4 0.0011977431518737298 -3.4420235138247547E-4 -4.185698851441102E-4 -2.962297676694831E-4 -2.435734195397737E-4 -2.155600056169884E-4 2.1400171342009108E-4 1.568795994708704E-4 8.578879544752106E-6 -2.622234978262627E-4 2.119512494038693E-4 9.614255021684543E-4 -2.3409240489276586E-4 -6.304474093037687E-4 -2.9957822904927954E-4 4.0717452002065615E-4 -6.810365614457477E-4 6.026564699073809E-4
plant 0.0071637232756875755 0.0015787052387818223 -5.06992567086632E-4 -3.627316398079125E-5 5.274958558575016E-4 -7.697718974158084E-4 7.608886070440538E-4 -6.253241753003755E-4 -1.1586471404415123E-4 2.3087898025114776E-4 5.611433768245625E-4 -3.429561961891211E-4 6.102637046844908E-4 -8.263030445435744E-4 -8.446706555365074E-5 4.839296589435734E-4 3.9841544758990725E-4 -2.667664957602644E-4 -3.6949745319793875E-4 0.0016251648033767175
Mexico 0.007289762813377156 -0.00529383880274643 0.0021153829489384593 -0.0013370286235065553 0.0014358974240180327 -2.2216010808769404E-4 4.2461188968314674E-4 -0.0013800129213778279 -0.0013476714916037615 -4.6109999789004753E-4 -3.406707076444982E-5 -3.9415959397212344E-5 -5.833696277261279E-4 3.332819955238805E-4 -4.2882416952967764E-4 4.302934420248276E-4 -3.95222677902462E-4 -5.415530258462779E-4 -1.6712702410229027E-4 -5.158055985177055E-4
. 0.00727705456740313 0.0013245211809591155 9.3941248962824E-4 1.6853815075331644E-4 3.659187472059216E-4 -3.88712495101757E-4 -7.371819786437689E-4 -1.9201038572980888E-4 8.052453865764393E-4 1.1540272435090786E-4 -3.416613405592118E-4 -5.268668888830805E-4 -3.055618769206203E-4 -4.4645064817108883E-4 -3.1657040663764826E-4 5.383622569146039E-5 -2.752139546727548E-4 4.1064662590517076E-4 3.521230154906158E-4 4.973780204715329E-4
Corp. 0.00813839816478206 0.002205462957380703 3.925813079366666E-4 2.246323770584856E-4 8.846584269374827E-4 0.002038331300528627 -4.970564226327301E-4 7.970464096763108E-4 1.8775080868911587E-4 5.678930644357221E-4 2.929547667482311E-4 -3.286145661978947E-4 1.298399732690824E-4 -2.4267982264329662E-4 1.787072875212447E-5 1.542095949155873E-4 -3.07197929729469E-4 3.365485782901732E-4 6.482373597992094E-5 8.276241760721335E-5
that 0.007112728302237663 0.0029698033049654765 6.226666902593555E-5 3.44502462519438E-4 6.660539153880846E-4 6.706928806590912E-4 -0.0010353799673616599 6.795596360714302E-4 3.621930508590709E-4 8.11687814478234E-4 -7.085116581410154E-4 4.180621372210352E-4 -1.808576285232065E-4 1.332423788523854E-5 0.001002087003600939 -5.52187655092066E-4 -9.379462394059833E-5 4.907343300982142E-4 -1.5753846508185322E-4 2.0751328753027703E-4
Jeep 0.0051933545889531274 9.709938125156122E-4 -2.2223385309453882E-4 1.1043208142919036E-5 0.0016620878332640164 -9.287973644815667E-4 2.073695863400459E-4 -3.393032353056746E-5 -0.0011626992255815672 -3.380693926729002E-4 -8.224872719042531E-5 -3.287151658864345E-4 -6.628881513738664E-4 -5.124985855592242E-4 -3.064336267494175E-5 1.7527304577670373E-5 1.0224547164535009E-4 -4.0193077765500026E-5 -6.636573671617095E-4 5.276407246831634E-4
it 0.0021612172977330604 0.001107072958830003 -5.71642402125348E-4 0.0015733641710610295 8.840583568849726E-4 -4.7024993246133596E-4 -9.464152986618147E-4 5.651054636346429E-4 2.295257792967548E-4 6.768383942806327E-4 -6.933145040052424E-4 4.0441311463308336E-4 -4.7417615329084636E-4 0.0012785835912086686 5.346709978046552E-4 -8.182124439897446E-4 1.6175826230622448E-4 3.408797700882415E-5 -6.7613821797438E-4 0.0019311244573341198
market 0.006140379424588414 0.0028779089874256597 -4.998249572037451E-4 6.723662775145971E-4 0.001822569525128425 -5.761393114859853E-4 0.0021209619745203613 -0.0011526801744646956 2.1732849246113232E-4 -6.180409629158844E-4 6.59115303674941E-4 4.900440860798928E-4 -3.4407303832879866E-4 -6.154355313505688E-4 7.378009496094217E-5 -3.719624389744453E-4 6.15836685815591E-4 5.196074951158961E-4 -6.250594506213091E-4 -0.0012782592266135603
Brazil 0.004320002272112134 -0.0028063938448874915 0.001070325942226703 0.0019917051171509095 6.41719635108657E-4 -4.027316086530852E-4 4.091974354819918E-4 3.261448632129966E-4 -9.419523812915837E-4 -1.4879978436983913E-5 -4.300374379193549E-4 0.0013011369367020667 -4.97502600980059E-4 8.727845303832078E-4 -4.975126542787468E-4 4.6121001535026965E-4 5.46375589440506E-4 -0.0016627849439124222 -8.016533183060129E-4 -2.2837548037353054E-4
with 0.0071919996057462935 -0.0012745010529361712 0.0011724533014308748 0.0034148365508407897 -7.176838690977339E-4 -3.0555484026245226E-4 3.8688462491569435E-5 2.377322493439827E-4 -1.7084606255065606E-4 1.6270483802412466E-4 2.045316727353401E-4 6.719570354522176E-4 6.668301234255736E-4 4.727684430782843E-4 7.94704510200249E-5 -1.4589249049723805E-5 3.9194311008055514E-4 -1.1052408743300256E-4 -1.9189516232866346E-4 1.480658238735684E-4
by 0.00508225598845566 0.0016427885030189677 5.060959489623414E-4 1.2488219182588513E-4 6.522104578287716E-4 3.421787425821417E-4 0.0011456583940882828 -1.540137367755671E-4 2.78575054840441E-4 -0.0012098832429239626 -3.9903771803230455E-4 3.0758261210904383E-4 -3.504153915439985E-4 4.1871198604896264E-4 -3.9443493814307065E-4 6.548771636328029E-5 -1.3574366664979067E-4 1.9889422729217932E-4 -1.4586397943282438E-4 -3.30203844139621E-5
he 0.0024487998545194606 -7.600996586176379E-4 -6.419645515447863E-4 0.0026882126763752815 -7.784562155044669E-5 0.002766943460772097 -0.0011204539422986705 -0.0010867869645541572 -0.001148615681000814 8.097385183746148E-4 -1.6901493872507097E-4 1.219404233844558E-4 -4.721494677431824E-4 -6.59328844257462E-4 -8.299237333162987E-5 -1.4815660842126742E-4 5.413294417114939E-4 4.4732326642964745E-4 -2.944549052982831E-4 1.2533879475794382E-4
has 0.00328381529583718 -8.047987035929086E-4 -1.715918284521384E-4 -5.8660198498813236E-5 3.9394246763863023E-4 0.0029503893416235336 5.240595656293644E-4 0.0011173902309972832 3.118433909906827E-4 -3.089971215153547E-4 3.136461844312668E-4 -5.642488791980202E-4 3.392696887378809E-4 -1.283003407044875E-4 -6.267823330183837E-4 2.8713902091323333E-4 -4.293067780978293E-4 3.320573818164393E-4 -2.6001751221076407E-4 -6.261252043675413E-5
which 0.002455777445006813 -0.0030665797249136563 2.1763822693148977E-4 0.006086324102917434 -0.0012930420061607413 -9.745083637510602E-5 3.1489428665813974E-4 7.661002639773232E-4 -4.8168331202556923E-4 1.2097630194829485E-4 2.5532647615841484E-4 0.001486446930095949 2.2460719907336057E-5 9.792350276530096E-4 -1.976080308035458E-4 -2.803585901705485E-4 0.0011566361135116618 -7.493273191704352E-4 -2.0450696485205876E-4 2.9993649613763775E-4
or 0.007230441011668439 -0.002857402281482666 0.0014363728023125244 0.003100171953092907 -0.0013827862782611056 -1.8141634476120125E-4 5.205927767935487E-4 8.114858410494174E-5 -2.535683187409838E-4 -1.4079115648186086E-4 3.057072669058763E-4 6.304848835409466E-4 5.993111604656755E-4 2.818212514655942E-4 -1.5634084360498967E-4 -5.490741295435699E-5 2.2106362727579895E-4 -1.812255416880766E-4 1.0483918672130215E-4 -1.1106332901064443E-4
Mercosur 0.0027261270141973135 -2.4025752256111614E-4 -0.0037622880853281104 -7.776523875559817E-4 -0.0010025899366788897 -9.590547885734816E-4 0.0012654853007718694 0.0010956856410163564 -0.001446607056349762 8.210966868261789E-5 -0.0023239821850383185 7.912909065780625E-4 -5.250989224078126E-4 -8.461075107414112E-4 5.697012702827131E-4 -5.831252647670066E-4 5.417422358373082E-4 0.001227921652815695 4.2929413408942244E-4 -0.001931901295594889
year 0.005092746697604089 0.0014621654723075777 -1.7911619803828865E-4 1.2076203267913763E-4 4.473959557324174E-4 -5.288984776154371E-4 6.399149599991053E-4 -4.1304111884124604E-4 -3.027098815260909E-4 -1.204939909012152E-5 5.146130414579478E-6 -5.252554759860301E-4 -3.8916533603580044E-4 -4.4752337226906515E-4 -1.9070554143428738E-4 -9.22252660014087E-5 3.8408152903187146E-4 1.2598899656255934E-4 -1.252737402072461E-4 2.170987178425435E-4
We 0.002221815359884265 -0.0019073966971175898 -3.8313631122266836E-4 -2.747682488399874E-4 -0.0010723890009812372 0.003054071976689936 -0.0017002145268743322 -0.006345588343662626 -0.0029046217712111436 -7.532975209582079E-4 -8.143306402657863E-4 9.642650879697023E-4 -4.8643329773128964E-4 5.682209368480085E-4 -2.883475665972941E-4 -1.4997331015666033E-4 2.7160422278140065E-5 5.293435761698533E-4 -1.2284471491365686E-4 3.1228716018574424E-4
rates 0.00891295428281743 0.0015605194614279106 9.558523361980078E-4 -1.3954367515087922E-4 -7.327016395069904E-5 -2.9859975048635815E-4 -3.592462235022962E-4 -1.950998662553502E-4 1.9467632067893522E-4 5.88586476046276E-5 -2.6869992788361723E-6 8.64667373041293E-5 1.2657995938770172E-4 2.8304507398716096E-4 -1.505424852987797E-4 3.054407142646758E-4 -1.7181081509166004E-4 -6.207148622798767E-4 5.664713518828939E-5 9.51040392705081E-5
Argentina 0.006137264659304904 -0.0024370745471003143 0.0016160103287463615 -9.015791435628334E-4 0.0017107342742312087 -6.422699382849382E-4 2.6796342767825476E-4 -6.316218527189935E-5 -0.0010014679810680853 1.0255090084198706E-4 1.70353931278934E-4 6.786030135064143E-5 -7.623152838388237E-4 5.515919132679964E-4 -4.738896709485195E-4 4.1105510011370684E-4 -9.049444251876405E-5 -7.155558319206744E-4 -4.0796775007859257E-4 -4.922283452890897E-4
one 0.006010025786658188 -0.0012438258155313602 0.0011807420418903048 -5.710102578936729E-4 -8.209111732056757E-4 -1.4312706876532807E-4 3.054429912373169E-4 -3.44676773655131E-4 2.1417206696629877E-4 -4.3163802790197514E-4 4.4199026257818095E-4 -6.954742181980789E-5 6.562692552859396E-4 4.528899752558295E-5 1.8944151074050468E-4 -1.3723708510432844E-5 5.5730994351586736E-5 -5.7664260143263826E-5 1.1211270209912022E-4 -2.5043883856799994E-4
its 0.0023196511310997455 -9.234742794459005E-4 7.749451723891468E-5 -1.7733026969769748E-4 0.001726307204594034 -5.077313668525147E-4 -5.860371998821782E-4 4.958787758999451E-5 4.271655629786765E-4 4.921246858944967E-5 -6.698277862222426E-4 -2.3355534947989306E-4 -5.829133789154004E-4 4.28304913080373E-5 1.4035871402032784E-5 -4.7552351565411665E-5 1.6597310794827774E-4 -3.0820895012473765E-4 4.068015721364155E-5 5.319311202211139E-4
% 0.003973456629472196 0.0038192730877212398 -4.2716885046126565E-5 5.4423150755869E-4 9.417332975129013E-4 -3.578864235326885E-4 -0.0012952938280544207 2.4402193348995097E-4 1.806362859113498E-4 0.0010396493697955 -5.862265858715267E-4 -1.501180469743446E-4 -7.178672100144021E-4 0.002254557764352799 0.0013859629057470166 0.004312616333928936 7.848687441387781E-4 0.0018798573919534365 4.512519499732172E-4 -4.91773813104524E-4
8 0.007905379722887915 6.353231504069035E-4 0.0011866373502980177 -2.525045709057615E-4 -2.821670454556656E-4 -2.797025985311467E-4 -1.2612833981040256E-4 -2.0076072481734766E-4 7.221330779423501E-5 3.4278860597896934E-5 2.0891198977114484E-4 -1.1398959921457257E-4 2.583042080113388E-4 2.1824256344338104E-4 1.196253339370867E-5 -3.0915959188542403E-6 -1.77087610599769E-4 -7.339834909226636E-5 1.3255479326100986E-4 -7.045492182698416E-5
markets 0.005029609218595758 0.001159045191477112 1.3315462568881136E-4 -1.7824133927262062E-4 -1.6660078579773977E-4 -1.74769931174851E-4 -2.457949789822696E-4 2.7202974850702895E-4 3.1381495009604273E-5 6.437970131971298E-5 -5.13220190250743E-4 3.685746694025265E-4 -9.311230753279243E-5 -7.950369643575453E-6 3.432694769195453E-4 2.7151697241754855E-6 -4.5483273541141274E-5 -7.187261431392951E-5 1.276714749248242E-4 -3.851524755540723E-5
