<OOV> -2.972528920421473E-4 -5.8120698631740464E-5 3.661961675907092E-7 -1.5473502624437556E-5 -7.324509009135981E-6 5.195990542767508E-6 9.68855731482516E-7 -4.060548145678809E-7 1.2567779792574827E-5 -7.814812496091528E-6 8.090211177580159E-7 -3.804833259192338E-6 1.6035735579404368E-6 4.243105596035252E-7 -4.7379788236506507E-7 2.2958257365664E-6 -1.483800240249884E-7 -1.1482486308759308E-6 7.52561075247577E-8 7.07230774446432E-8
, -1.945793641255796E-4 6.383418427520809E-4 2.6409340273194785E-4 -2.7974594238087014E-4 -6.864063514010686E-5 1.2284218717025034E-4 -6.573124418041928E-5 4.639674699831339E-5 -1.6041972586647868E-4 -2.425823736787101E-4 -2.299591703636018E-4 -3.823891159562035E-5 2.1303943672021996E-4 -2.2968929443407015E-5 2.1643609773757277E-5 -2.5431930777619127E-5 6.351424726666708E-6 -1.4262786386498185E-6 -5.225699910027748E-7 2.9308794214420797E-8
the -7.483401206171348E-5 6.102034769045792E-5 1.5914475510854666E-4 8.978754998920671E-6 -1.9735566906502042E-7 -3.227314742521103E-5 -7.775863349475538E-6 -9.032866184264952E-7 3.2629360777487602E-6 -8.883600617318733E-6 1.2282376859029597E-6 9.643278220846854E-6 -9.354835644648622E-6 3.326412806315281E-6 8.00368880048613E-6 4.693113565378441E-6 -4.063715869991791E-6 8.707966878917538E-7 -3.7950276163390384E-6 1.7993922572957097E-7
for -0.001421128002060752 -2.449947238475209E-4 9.647203054178604E-6 7.174566104699156E-5 1.73103262986773E-5 6.9753443823362765E-6 7.018211097613178E-6 4.085357058193929E-7 -1.0771423746645582E-5 1.1576446282316633E-5 -4.409636937383676E-7 3.362273895860106E-6 -1.6789207077421698E-6 -5.076942117560336E-7 1.2754658102229693E-8 5.486781585787583E-7 -6.567875415592109E-7 -7.781248249111672E-7 -2.955318638894757E-7 -4.0358055558377915E-7
. 1.085033942284288E-5 -1.8790327816588644E-5 1.0374723061223294E-5 -2.2762679314283415E-6 5.206451922816313E-7 3.5573422972800196E-6 2.815768661321847E-7 -3.761769150375365E-7 3.3880491575702653E-6 -5.614713594705023E-7 4.636958932980687E-7 -1.1707432995781537E-6 -8.117837008074237E-7 -3.6507501053998026E-7 1.2102608551070288E-7 1.965341182165379E-8 -5.181109674955966E-7 -1.5295471465906385E-7 -1.5458392369820641E-7 4.343536710224373E-8
to 1.4467119230457109E-5 -2.5053770422118302E-5 1.383296408163068E-5 -3.035023908565696E-6 6.941935896877876E-7 4.74312306303274E-6 3.75435821506925E-7 -5.01569220050108E-7 4.517398876760296E-6 -7.486284792940271E-7 6.18261191064078E-7 -1.5609910661042083E-6 -1.0823782677432266E-6 -4.867666807199756E-7 1.6136811401426725E-7 2.6204549095545995E-8 -6.908146233274787E-7 -2.0393961954542088E-7 -2.061118982642753E-7 5.7913822802989955E-8
said -9.373750600470342E-4 1.1262619411671485E-5 -3.317293857740525E-5 1.4451984701514435E-4 -9.918896894087999E-5 3.596413014080127E-5 -5.166253266085143E-5 -9.355693634355814E-7 2.3423577252322625E-5 -1.2825440230553285E-5 -8.023659276606765E-7 -2.226712187988621E-7 5.6678659324228194E-6 8.814282006594816E-7 -9.865163897408157E-7 5.034326348172661E-6 -4.73275768325426E-7 -1.7936197394409732E-6 -1.2886676493897714E-8 1.3172984581354123E-7
it 0.008377392239649587 -7.872501114314317E-4 2.231673017777463E-4 -0.0010366325959210484 3.4919626644227175E-4 -9.013732285819865E-5 -1.7889769389295443E-4 -2.1047030249516762E-5 2.430101532466637E-4 6.926027133021589E-6 -1.1673692916618831E-4 3.757762147653154E-4 -8.133118950886671E-5 -1.7327839077891764E-5 2.491679876993686E-6 -2.684000862656258E-5 -5.708002763957685E-6 -5.112404688222183E-7 -2.1470355672747625E-7 1.8397315804051228E-7
Boeing -0.0010933271121832313 -7.974139388349465E-4 1.0583044045112475E-4 7.17539565977914E-5 -2.2524810422623798E-5 -7.274585034446788E-5 -7.377842595459455E-5 -4.078176876760597E-6 -2.863295717265743E-5 1.6439355992991385E-5 1.8926068613499724E-5 -7.648041194811993E-5 -3.806569991335446E-5 -1.1950606033587426E-5 2.4731475417159144E-6 -1.057057190159402E-5 -1.932652876151934E-6 -8.516698407841033E-7 2.533381771124531E-9 1.329486576391831E-7
's 1.44671192304571E-5 -2.505377042211822E-5 1.3832964081631414E-5 -3.035023908561773E-6 6.9419358968879E-7 4.74312306304125E-6 3.7543582150819617E-7 -5.015692200500943E-7 4.517398876760115E-6 -7.486284792952113E-7 6.182611910641098E-7 -1.5609910661041374E-6 -1.0823782677432556E-6 -4.867666807199767E-7 1.6136811401426857E-7 2.620454909553812E-8 -6.908146233274767E-7 -2.0393961954542061E-7 -2.0611189826427538E-7 5.791382280299147E-8
Rockwell 4.403624092322317E-4 -1.022888899541769E-5 -1.1682228503625576E-4 2.2030693071834744E-4 1.177693995567745E-4 -3.2335407578693313E-4 -4.5183452436656116E-4 -4.551407920890306E-6 -6.749464730119984E-5 -1.547143805497029E-4 -5.269125472617378E-4 -1.2533605838177026E-4 -8.457846239858267E-5 3.1369643246993536E-5 -1.556256819968773E-5 5.476456283548443E-6 -2.545528660316269E-6 4.2916440535347993E-7 7.374448048860463E-8 -2.107178418398562E-8
parts 6.456642739316406E-4 -0.0021212844422665725 -0.010566228441931624 -0.0032208818890017764 0.009058631966684513 0.012054809578731951 -9.859864113749121E-4 -1.7257132178451287E-5 -2.6887728166512942E-5 5.425646369027964E-5 -1.494306417134058E-5 -6.816641684545232E-6 -1.528092383853929E-5 -2.493012696920389E-6 6.857219402838207E-6 1.591706166955272E-6 1.2258798413358657E-6 -2.3513767960158078E-8 3.249433879818759E-8 2.3917468746040782E-9
contract -0.0014060625900705523 1.6893929117507624E-5 -4.975940786610819E-5 2.1677977052271538E-4 -1.4878345341132006E-4 5.394619521119971E-5 -7.749379899127706E-5 -1.4033540451534426E-6 3.5135365878483884E-5 -1.9238160345830016E-5 -1.203548891491045E-6 -3.3400682819824424E-7 8.501798898634033E-6 1.322142300989223E-6 -1.479774584611223E-6 7.551489522258958E-6 -7.09913652488118E-7 -2.6904296091614604E-6 -1.9330014740843338E-8 1.9759476872031568E-7
shipsets -5.876586994960809E-4 -2.289066953180743E-4 4.496385390584539E-4 1.1342257597922993E-4 -1.596451994847771E-4 -2.9047859735081643E-4 -4.5361922982202475E-5 1.6398880676959566E-6 -1.7730060834603808E-5 -1.3911937100493711E-5 -2.087894241730843E-6 -2.5705622151447997E-5 -2.756349929470508E-5 -2.7570003896334985E-6 9.076640947810742E-6 1.2944011908241911E-6 5.974648974892126E-6 1.5435548784675676E-7 2.57912057370499E-7 -4.797289299843788E-8
a 2.58138538490928E-4 8.895155577523158E-5 1.059398033965E-4 1.8388986597357966E-5 -1.1632592650130624E-4 -2.1909354264505596E-4 -2.1857872174061963E-5 -1.2847602521753659E-6 1.2102689390451277E-5 -2.363492989576663E-5 -1.4326932896701591E-5 6.730161317754318E-6 -1.2475112765842174E-6 2.3828970618707155E-6 1.8845444576331857E-5 4.896706310035496E-6 -3.764286254552791E-6 2.746682431217557E-7 2.487066077474532E-7 -1.5070689845229247E-8
agreement -1.1883547076867675E-4 3.162259950370857E-5 4.615858784631349E-4 8.352449907575747E-5 -1.6294979291954511E-4 -2.6328826086021025E-4 -1.651520646827551E-5 1.7981767905490974E-6 8.382785509484538E-9 -2.2018160633376987E-5 -1.1732654794326782E-5 1.1669487983929358E-6 -1.3967583855401799E-5 -1.4808236309151933E-6 7.980700751566274E-6 5.880032739861398E-6 6.6180591060746675E-6 2.498399243336749E-7 2.6997060169655393E-7 -8.668483243600606E-9
These -0.05885405365532896 0.004368300262295236 -0.005007046799221342 0.018920448218905383 -0.009111750286072882 0.0020866262555048437 -0.006557988977834658 -3.6594246451762832E-6 -3.1926872580300955E-5 8.929443539727972E-5 6.779060140562753E-6 1.94589964017671E-5 3.679968939477816E-6 8.86453741184492E-9 2.244259618539892E-7 -1.2140610938435196E-6 9.275791608881894E-8 3.0952805418386753E-7 1.2587639453977389E-8 -5.645931118704547E-9
provide 2.1162531018454627E-4 -1.992345647289967E-4 4.1562225221135487E-4 2.9658693533636766E-5 -1.1254883194671992E-4 -2.372654949765024E-5 7.098760132077043E-7 -1.0445039349769088E-5 1.0081643772640759E-5 4.250897018532395E-6 -1.98899735623008E-5 -1.8293574723438497E-5 -6.9560301270076535E-6 -2.4640124048119736E-5 -1.209873582674391E-6 3.8110699292102004E-6 -3.259209356540235E-7 3.533201166626954E-7 -2.4538999088292096E-9 4.076052473127351E-7
aft 4.3401357691371476E-5 -7.51613112663536E-5 4.149889224489393E-5 -9.105071725685543E-6 2.0825807690662572E-6 1.4229369189123297E-5 1.126307464525024E-6 -1.5047076601502366E-6 1.3552196630281032E-5 -2.2458854378820124E-6 1.8547835731923915E-6 -4.682973198312488E-6 -3.2471348032297394E-6 -1.460300042159926E-6 4.841043420428017E-7 7.861364728664828E-8 -2.07244386998243E-6 -6.118188586362546E-7 -6.183356947928301E-7 1.7374146840894983E-7
structural 0.1478066213845724 0.12174124653052988 -0.0013087706288872636 0.0028176462747252647 5.482517083086999E-4 1.1337407542853535E-4 9.011018519868521E-4 -6.908121198617278E-6 2.8645575728904615E-5 -8.406892118780893E-6 -1.8061356798343504E-6 -2.38890083005005E-6 -3.153210792373636E-6 -1.0764750724043564E-6 2.756587260865869E-7 -3.2322181478406586E-7 4.38036695248945E-8 -6.022101484990378E-8 -6.868317487012473E-9 -7.691908805882648E-9
torque 5.162770769818576E-4 1.7790311155046345E-4 2.118796067930002E-4 3.677797319471587E-5 -2.326518530026125E-4 -4.381870852901121E-4 -4.371574434812406E-5 -2.569520504350726E-6 2.4205378780902534E-5 -4.726985979153326E-5 -2.8653865793403183E-5 1.3460322635508628E-5 -2.4950225531684124E-6 4.765794123741454E-6 3.769088915266369E-5 9.793412620070997E-6 -7.528572509105578E-6 5.493364862435166E-7 4.974132154949096E-7 -3.0141379690457865E-8
its 4.3401357691371565E-5 -7.516131126635456E-5 4.149889224489406E-5 -9.105071725685379E-6 2.0825807690664745E-6 1.4229369189123182E-5 1.1263074645251974E-6 -1.5047076601502435E-6 1.3552196630281066E-5 -2.2458854378820565E-6 1.8547835731923392E-6 -4.682973198312425E-6 -3.2471348032297195E-6 -1.4603000421599124E-6 4.841043420428076E-7 7.861364728661383E-8 -2.07244386998243E-6 -6.118188586362603E-7 -6.183356947928226E-7 1.737414684089815E-7
fixed 5.162770769818576E-4 1.7790311155046343E-4 2.118796067930002E-4 3.677797319471588E-5 -2.326518530026125E-4 -4.381870852901121E-4 -4.3715744348124056E-5 -2.5695205043507262E-6 2.4205378780902537E-5 -4.726985979153326E-5 -2.8653865793403183E-5 1.346032263550863E-5 -2.495022553168412E-6 4.765794123741455E-6 3.769088915266369E-5 9.793412620070995E-6 -7.528572509105578E-6 5.493364862435162E-7 4.974132154949098E-7 -3.014137969045706E-8
has 0.0026350330737514365 -5.089368653321491E-5 -0.0018819695282441767 6.460991119181452E-4 -1.5676190047423418E-4 2.3963456940145303E-4 -8.10270673517639E-5 3.468797895301231E-4 -0.001211637912631742 -0.001399232410764952 7.28494068239719E-5 5.051063903181516E-5 -2.840227601565831E-5 -4.40955677367619E-6 -5.3069203435902225E-6 1.915526870479689E-6 -1.6538234644085695E-6 6.68665169590874E-8 9.140093809609168E-8 -1.299225291598058E-8
of -0.00568451200824301 -9.799788953900829E-4 3.8588812216714686E-5 2.8698264418797073E-4 6.924130519470525E-5 2.7901377529368894E-5 2.8072844390453813E-5 1.6341428232776809E-6 -4.3085694986582354E-5 4.630578512926643E-5 -1.7638547749533964E-6 1.3449095583440468E-5 -6.715682830968753E-6 -2.0307768470241367E-6 5.1018632408917064E-8 2.194712634315029E-6 -2.627150166236816E-6 -3.112499299644656E-6 -1.1821274555579085E-6 -1.6143222223351287E-6
747 2.8643301245899396E-4 -2.3639589166534765E-4 5.629325640315743E-4 4.484956087560138E-5 -1.5475119357547776E-4 -3.307700969128924E-5 1.915846712997924E-6 -1.4038074886382817E-5 8.972541639282123E-6 7.71613148310721E-6 -2.7516141923204585E-5 -2.327848226460354E-5 -8.616335631088694E-6 -3.30809286721183E-5 -1.6965497609515145E-6 5.332047034721546E-6 -3.520425881095903E-7 7.615625732829115E-7 -1.6211215248479707E-8 5.142413634261961E-7
Tulsa 2.8643301245899396E-4 -2.3639589166534765E-4 5.629325640315743E-4 4.484956087560138E-5 -1.5475119357547776E-4 -3.307700969128924E-5 1.915846712997924E-6 -1.4038074886382817E-5 8.972541639282123E-6 7.71613148310721E-6 -2.7516141923204585E-5 -2.327848226460354E-5 -8.616335631088694E-6 -3.30809286721183E-5 -1.6965497609515145E-6 5.332047034721546E-6 -3.520425881095903E-7 7.615625732829115E-7 -1.6211215248479707E-8 5.142413634261961E-7
Under -0.004937417654207165 -0.0013916106701215383 0.001552615908863256 4.432950469641337E-4 -3.719567213792717E-4 -8.240945224977343E-5 3.69883496517414E-5 -3.510950136761179E-5 -5.5138604711102305E-5 7.961694103861938E-5 -8.252075915048648E-5 -3.8735280329622885E-5 -2.3272208607630343E-5 -9.052649498537748E-5 -5.4089142164285715E-6 1.7696660573419486E-5 -1.0827595122090735E-6 1.0116656530207242E-6 -6.727013118171409E-7 -5.552962010814434E-7
wings 0.0033850373488294753 -2.8227894342471027E-4 0.0010715945338254783 -4.7112892969744047E-4 -2.811467285885715E-5 -4.7839223421928466E-4 -1.8025651888313985E-4 -1.721336722209688E-5 1.8417656683966495E-4 -6.491018890817824E-5 -8.041771857339248E-5 2.2398727021963474E-4 -4.950909288974067E-5 -1.0319418303097119E-5 8.17233326679717E-6 8.130338036341059E-6 1.2720116382957765E-5 -2.423761041147021E-6 4.821143780358294E-7 -5.731512402501149E-8
among 0.12140555110477459 0.024406190637909518 7.207464506672505E-4 -0.021457752180106406 -0.008289152099212724 2.197343793205082E-4 -0.005563835926693509 2.1650396558517863E-5 -2.6513563007810476E-4 1.3390717361475832E-4 1.0894892773668923E-5 -3.2044082969603344E-6 2.8688323897099182E-6 3.239496641960752E-7 -7.330972408465347E-7 1.1405249812864649E-6 -1.533858045980253E-7 -9.580273748188522E-9 -7.163023030589374E-9 -1.4489172248754467E-8
planes -0.0037292775882715934 -0.0021297620527684223 8.250408260682895E-4 3.526521744112549E-4 -2.809251851602406E-4 -7.21087523256175E-4 -2.550755668135396E-4 1.8068623005855486E-6 -9.596374971959243E-5 1.0308496936875782E-6 5.320286981414645E-5 -2.0881376352413538E-4 -1.3517623732385928E-4 -1.4173341314472892E-5 2.4590717710954727E-5 -2.376272015426944E-5 7.764080519347572E-6 -2.408649790347611E-6 5.499952486153286E-7 -2.6096240882379316E-8
200 4.340135769137109E-5 -7.51613112663549E-5 4.149889224489405E-5 -9.105071725685355E-6 2.082580769066475E-6 1.4229369189123199E-5 1.1263074645252194E-6 -1.5047076601502452E-6 1.3552196630281068E-5 -2.2458854378820548E-6 1.854783573192336E-6 -4.68297319831242E-6 -3.247134803229724E-6 -1.4603000421599172E-6 4.841043420428078E-7 7.861364728660978E-8 -2.072443869982431E-6 -6.11818858636262E-7 -6.183356947928228E-7 1.7374146840898194E-7
bulkheads -0.004605613610822306 0.007061520327778746 0.03677867674335232 0.0020095741225755167 -0.001532038152809041 0.0046371121782597885 1.016744476796724E-5 3.1900640986003755E-4 -2.7520498185570973E-5 -4.640712196579306E-5 3.840915225646892E-6 1.1669204057913816E-6 -1.3956119650304107E-6 5.397737481366589E-6 -8.807595218633383E-8 -6.159057100709847E-7 -4.881910996309192E-7 3.9625104004796945E-8 2.1626441259964228E-8 -2.1569489876577913E-10
calls 0.026505106959290023 0.004155412816711584 0.004674530814917695 0.0011290506717894176 0.012376344850381112 -0.003305514707177741 -0.003936902039648993 6.093477980663543E-6 -1.2107498596550702E-4 5.233087963895911E-5 1.2992966091793153E-5 2.079433911567772E-6 7.488829481035398E-6 -4.28831263513389E-7 -9.57524014214838E-7 7.076508256552203E-7 -2.488726273909724E-7 8.164266475227296E-9 4.464310072454459E-9 7.955561295763597E-9
and 4.340135769137109E-5 -7.51613112663549E-5 4.149889224489405E-5 -9.105071725685355E-6 2.082580769066475E-6 1.4229369189123199E-5 1.1263074645252194E-6 -1.5047076601502452E-6 1.3552196630281068E-5 -2.2458854378820548E-6 1.854783573192336E-6 -4.68297319831242E-6 -3.247134803229724E-6 -1.4603000421599172E-6 4.841043420428078E-7 7.861364728660978E-8 -2.072443869982431E-6 -6.11818858636262E-7 -6.183356947928228E-7 1.7374146840898194E-7
include -0.002812125180141105 3.378785823501535E-5 -9.951881573221639E-5 4.3355954104543076E-4 -2.9756690682264007E-4 1.078923904223994E-4 -1.5498759798255403E-4 -2.8067080903068835E-6 7.027073175696778E-5 -3.847632069166003E-5 -2.407097782982092E-6 -6.680136563964773E-7 1.7003597797268423E-5 2.6442846019784312E-6 -2.9595491692224276E-6 1.5102979044517914E-5 -1.41982730497624E-6 -5.3808592183229284E-6 -3.866002948168967E-8 3.95189537440626E-7
Co. -8.942450997634345E-4 -5.96219900909921E-4 1.7604213435531787E-5 5.0691082081257264E-5 8.69176763860173E-6 -4.015130379208824E-5 -5.656712556333176E-5 -1.8212851058565524E-6 -2.1924690609945535E-5 1.3966561627884644E-5 2.1144304678384196E-5 -5.8428115097994304E-5 -3.043896568183628E-5 -4.0126535595964945E-6 2.67598473453177E-6 -9.092649450787838E-6 -3.359264132347501E-6 -8.027877316100994E-7 -6.424527834449441E-7 9.513264889929037E-8
floor -0.002812125180141105 3.378785823501535E-5 -9.951881573221639E-5 4.3355954104543076E-4 -2.9756690682264007E-4 1.078923904223994E-4 -1.5498759798255403E-4 -2.8067080903068835E-6 7.027073175696778E-5 -3.847632069166003E-5 -2.407097782982092E-6 -6.680136563964773E-7 1.7003597797268423E-5 2.6442846019784312E-6 -2.9595491692224276E-6 1.5102979044517914E-5 -1.41982730497624E-6 -5.3808592183229284E-6 -3.866002948168967E-8 3.95189537440626E-7
leading 4.340135769137109E-5 -7.51613112663549E-5 4.149889224489405E-5 -9.105071725685355E-6 2.082580769066475E-6 1.4229369189123199E-5 1.1263074645252194E-6 -1.5047076601502452E-6 1.3552196630281068E-5 -2.2458854378820548E-6 1.854783573192336E-6 -4.68297319831242E-6 -3.247134803229724E-6 -1.4603000421599172E-6 4.841043420428078E-7 7.861364728660978E-8 -2.072443869982431E-6 -6.11818858636262E-7 -6.183356947928228E-7 1.7374146840898194E-7
Corp. -0.0012242946116219967 -8.122866360567457E-4 8.010626638931484E-6 6.694918450716016E-5 1.3649722795248701E-5 -5.826041400084472E-5 -7.780637802618301E-5 -2.0116304738962954E-6 -2.9743603758117828E-5 1.7695471567951692E-5 2.8559376472311227E-5 -7.876931886958612E-5 -4.078376756250947E-5 -5.131704329717928E-6 3.5078976818829152E-6 -1.249806946722989E-5 -3.90012180732218E-6 -1.1539535791214092E-6 -6.380368312687977E-7 1.041593394352958E-7
tentative 2.2643501603037737E-4 -4.547270761942093E-4 -7.343652885666832E-5 -8.984135341850961E-5 1.273124037670243E-4 3.76361222576318E-4 4.7368428419374966E-5 -1.8830243487141403E-5 3.893231696956614E-5 4.884741096862369E-5 -1.0815390825369257E-5 -2.6153890594859018E-5 2.881117850570397E-5 -2.490601430710124E-5 -1.426362931122193E-5 -7.224089713385596E-6 -1.3315016604500009E-5 -1.3862285290427756E-6 3.0857748439189495E-6 -2.0801752896721815E-7
each 5.162770769818574E-4 1.779031115504633E-4 2.1187960679300017E-4 3.6777973194715885E-5 -2.326518530026125E-4 -4.381870852901121E-4 -4.371574434812405E-5 -2.5695205043507267E-6 2.4205378780902537E-5 -4.726985979153326E-5 -2.8653865793403183E-5 1.3460322635508631E-5 -2.495022553168414E-6 4.765794123741452E-6 3.769088915266369E-5 9.793412620070994E-6 -7.528572509105578E-6 5.493364862435157E-7 4.974132154949097E-7 -3.014137969045725E-8
extending 9.179843226096494E-4 -4.375680386052047E-4 -0.003127529799861209 -1.1002175663065271E-4 1.931032143324088E-4 -3.655817301358832E-4 3.284917823458643E-5 0.0036089178457938123 1.3800268826277728E-4 1.3436997493745888E-4 -7.1679497305867586E-6 -2.747626923363681E-6 -9.660271294874816E-7 -1.3183885009664385E-6 2.0014767319870922E-7 2.9098876451348927E-7 9.998256107747748E-9 -1.5983288580057741E-9 2.9555911751557508E-9 2.8689366564115427E-9
other 0.1478066213845724 0.12174124653052988 -0.0013087706288872636 0.0028176462747252647 5.482517083086999E-4 1.1337407542853525E-4 9.011018519868521E-4 -6.908121198617271E-6 2.8645575728904615E-5 -8.406892118780913E-6 -1.8061356798343462E-6 -2.38890083005006E-6 -3.153210792373607E-6 -1.0764750724043284E-6 2.756587260865872E-7 -3.232218147840535E-7 4.380366952489851E-8 -6.02210148498965E-8 -6.868317487009798E-9 -7.691908805877915E-9
existing -2.376709415373567E-4 6.324519900741811E-5 9.2317175692627E-4 1.6704899815151477E-4 -3.2589958583909055E-4 -5.265765217204206E-4 -3.3030412936551144E-5 3.596353581098203E-6 1.6765571018919134E-8 -4.403632126675391E-5 -2.346530958865354E-5 2.3338975967858534E-6 -2.793516771080362E-5 -2.9616472618304103E-6 1.5961401503132545E-5 1.17600654797228E-5 1.323611821214933E-5 4.996798486673415E-7 5.399412033931125E-7 -1.7336966487206672E-8
so-called 4.340135769137109E-5 -7.51613112663549E-5 4.149889224489405E-5 -9.105071725685355E-6 2.082580769066475E-6 1.4229369189123199E-5 1.1263074645252194E-6 -1.5047076601502452E-6 1.3552196630281068E-5 -2.2458854378820548E-6 1.854783573192336E-6 -4.68297319831242E-6 -3.247134803229724E-6 -1.4603000421599172E-6 4.841043420428078E-7 7.861364728660978E-8 -2.072443869982431E-6 -6.11818858636262E-7 -6.183356947928228E-7 1.7374146840898194E-7
jetliner -0.0012242946116219967 -8.122866360567457E-4 8.010626638931484E-6 6.694918450716016E-5 1.3649722795248701E-5 -5.826041400084472E-5 -7.780637802618301E-5 -2.0116304738962954E-6 -2.9743603758117828E-5 1.7695471567951692E-5 2.8559376472311227E-5 -7.876931886958612E-5 -4.078376756250947E-5 -5.131704329717928E-6 3.5078976818829152E-6 -1.249806946722989E-5 -3.90012180732218E-6 -1.1539535791214092E-6 -6.380368312687977E-7 1.041593394352958E-7
edges 0.026505106959290023 0.004155412816711584 0.004674530814917695 0.0011290506717894176 0.012376344850381112 -0.003305514707177741 -0.003936902039648993 6.093477980663543E-6 -1.2107498596550702E-4 5.233087963895911E-5 1.2992966091793153E-5 2.079433911567772E-6 7.488829481035398E-6 -4.28831263513389E-7 -9.57524014214838E-7 7.076508256552203E-7 -2.488726273909724E-7 8.164266475227296E-9 4.464310072454459E-9 7.955561295763597E-9
supply 2.1162531018453586E-4 -1.9923456472900364E-4 4.1562225221135465E-4 2.9658693533637166E-5 -1.1254883194672009E-4 -2.3726549497649778E-5 7.098760132080557E-7 -1.0445039349769119E-5 1.0081643772640759E-5 4.250897018532468E-6 -1.9889973562300827E-5 -1.8293574723438436E-5 -6.956030127007775E-6 -2.4640124048119857E-5 -1.2098735826743915E-6 3.8110699292101386E-6 -3.2592093565404083E-7 3.533201166626621E-7 -2.4538999088397313E-9 4.0760524731271985E-7
International 0.004523005958925456 0.0015165507152294215 3.564397169276383E-5 -0.002328789719518486 2.4153645137074459E-4 7.161199735223006E-5 -0.0016168562671907173 -2.6746011971424456E-5 0.0017300929252704147 -9.737483507109655E-4 4.218434638111716E-5 -6.594265791957696E-5 1.769364492464326E-6 -3.6798646561461685E-6 -3.3325064976064362E-6 -9.099619842316222E-7 -1.9434369803005064E-7 5.703879324846336E-7 -1.0261002232060949E-7 -1.3459019611063636E-7
major -0.6414591616590564 0.06064812661150678 8.487247998309759E-5 -0.004465886118285094 5.749939108379074E-4 -3.9162729140852375E-4 -3.7474538056484863E-4 5.717977450809407E-6 -3.13571315111634E-5 4.4515138075967155E-6 7.756407295984585E-8 4.336732775014114E-6 -1.0422508734679888E-6 -3.342977995006067E-8 -1.079809461860806E-7 -1.260050417262711E-7 -6.379780396508922E-8 2.7809825855681454E-8 1.3046791159372982E-8 1.1397441908015692E-8
